(21, 3, 50, 1, (21,)): 0.045578341730006924
(21, 3, 50, 1, (22,)): 0.049686852402242
(21, 3, 50, 1, (23,)): 0.04960628908998863
(21, 3, 50, 1, (24,)): 0.04786919462815757
(21, 3, 50, 1, (26,)): 0.04732726600218614
(21, 3, 50, 2, (21, 23)): 0.09384954908145215
(21, 3, 50, 2, (21, 22)): 0.0838070378057263
(21, 3, 50, 2, (22, 24)): 0.08156594108877262
(21, 3, 100, 1, (21,)): 0.0464520251723171
(21, 3, 100, 1, (22,)): 0.051263182195058855
(21, 3, 100, 1, (23,)): 0.050174692171425984
(21, 3, 100, 1, (24,)): 0.048139153307985544
(21, 3, 100, 1, (26,)): 0.0540910332501901
(21, 3, 100, 2, (21, 23)): 0.04627780384096301
(21, 3, 100, 2, (21, 22)): 0.045468369942981424
(21, 3, 100, 2, (22, 24)): 0.044974587074926894
(21, 3, 150, 1, (21,)): 0.050644065863130215
(21, 3, 150, 1, (22,)): 0.0462310138335205
(21, 3, 150, 1, (23,)): 0.05054766112798603
(21, 3, 150, 1, (24,)): 0.048555613452593946
(21, 3, 150, 1, (26,)): 0.05054160557009849
(21, 3, 150, 2, (21, 23)): 0.04417577110027868
(21, 3, 150, 2, (21, 22)): 0.04477915848403575
(21, 3, 150, 2, (22, 24)): 0.04546670668352469
(21, 3, 200, 1, (21,)): 0.04747731911879437
(21, 3, 200, 1, (22,)): 0.050116263523765504
(21, 3, 200, 1, (23,)): 0.05322014370369453
(21, 3, 200, 1, (24,)): 0.05303372584418231
(21, 3, 200, 1, (26,)): 0.05573342584297984
(21, 3, 200, 2, (21, 23)): 0.044192322871654074
(21, 3, 200, 2, (21, 22)): 0.04486511788348609
(21, 3, 200, 2, (22, 24)): 0.04366935259976708
(21, 3, 250, 1, (21,)): 0.05391461600530427
(21, 3, 250, 1, (22,)): 0.05133546308404398
(21, 3, 250, 1, (23,)): 0.05188477415436199
(21, 3, 250, 1, (24,)): 0.052834939332332055
(21, 3, 250, 1, (26,)): 0.04965826377869211
(21, 3, 250, 2, (21, 23)): 0.044723977437514204
(21, 3, 250, 2, (21, 22)): 0.04390435083217249
(21, 3, 250, 2, (22, 24)): 0.04570144925040899
(21, 3, 300, 1, (21,)): 0.05117784705108772
(21, 3, 300, 1, (22,)): 0.05078539664744784
(21, 3, 300, 1, (23,)): 0.05337528872438295
(21, 3, 300, 1, (24,)): 0.051510762067540086
(21, 3, 300, 1, (26,)): 0.0533353192157211
(21, 3, 300, 2, (21, 23)): 0.048478043172728365
(21, 3, 300, 2, (21, 22)): 0.04446993311109264
(21, 3, 300, 2, (22, 24)): 0.04701278004873507
(21, 5, 50, 1, (21,)): 0.058459662849436225
(21, 5, 50, 1, (22,)): 0.04775309252196567
(21, 5, 50, 1, (23,)): 0.053094467640108466
(21, 5, 50, 1, (24,)): 0.050721531610629436
(21, 5, 50, 1, (26,)): 0.04738851137362464
(21, 5, 50, 2, (21, 23)): 0.08750938523971032
(21, 5, 50, 2, (21, 22)): 0.08626161798460168
(21, 5, 50, 2, (22, 24)): 0.08871242747302953
(21, 5, 100, 1, (21,)): 0.06288322501009556
(21, 5, 100, 1, (22,)): 0.047820690998242474
(21, 5, 100, 1, (23,)): 0.0543224662982961
(21, 5, 100, 1, (24,)): 0.06823253913207054
(21, 5, 100, 1, (26,)): 0.05006199697570084
(21, 5, 100, 2, (21, 23)): 0.05417775064113943
(21, 5, 100, 2, (21, 22)): 0.07181566372016406
(21, 5, 100, 2, (22, 24)): 0.05911216033088882
(21, 5, 150, 1, (21,)): 0.050194531312741174
(21, 5, 150, 1, (22,)): 0.05025758033782886
(21, 5, 150, 1, (23,)): 0.05281617007565485
(21, 5, 150, 1, (24,)): 0.048104337610209755
(21, 5, 150, 1, (26,)): 0.04836488693604685
(21, 5, 150, 2, (21, 23)): 0.0448169156433915
(21, 5, 150, 2, (21, 22)): 0.04432063847621261
(21, 5, 150, 2, (22, 24)): 0.04537981772910406
(21, 5, 200, 1, (21,)): 0.049792945619310365
(21, 5, 200, 1, (22,)): 0.04757825582796119
(21, 5, 200, 1, (23,)): 0.04946042318737213
(21, 5, 200, 1, (24,)): 0.053205424332797194
(21, 5, 200, 1, (26,)): 0.048574550410782756
(21, 5, 200, 2, (21, 23)): 0.05619497912017144
(21, 5, 200, 2, (21, 22)): 0.044773729207806964
(21, 5, 200, 2, (22, 24)): 0.0451131619093458
(21, 5, 250, 1, (21,)): 0.05239553179812725
(21, 5, 250, 1, (22,)): 0.049935472004646334
(21, 5, 250, 1, (23,)): 0.053033601404566824
(21, 5, 250, 1, (24,)): 0.05048544687621962
(21, 5, 250, 1, (26,)): 0.052806771261511995
(21, 5, 250, 2, (21, 23)): 0.04481089960348174
(21, 5, 250, 2, (21, 22)): 0.043838225631609856
(21, 5, 250, 2, (22, 24)): 0.04483271361751905
(21, 5, 300, 1, (21,)): 0.053238942275395454
(21, 5, 300, 1, (22,)): 0.05027854013941404
(21, 5, 300, 1, (23,)): 0.05348495834196439
(21, 5, 300, 1, (24,)): 0.0508531377870163
(21, 5, 300, 1, (26,)): 0.052419322638134536
(21, 5, 300, 2, (21, 23)): 0.04525008394375362
(21, 5, 300, 2, (21, 22)): 0.04686378989801977
(21, 5, 300, 2, (22, 24)): 0.045511251624929305
(21, 8, 50, 1, (21,)): 0.057836832287318576
(21, 8, 50, 1, (22,)): 0.05863732463958291
(21, 8, 50, 1, (23,)): 0.06799558042753663
(21, 8, 50, 1, (24,)): 0.1150839356619845
(21, 8, 50, 1, (26,)): 0.05174702239911784
(21, 8, 50, 2, (21, 23)): 0.10395156044021132
(21, 8, 50, 2, (21, 22)): 0.08986746603262614
(21, 8, 50, 2, (22, 24)): 0.08831081247150732
(21, 8, 100, 1, (21,)): 0.05630709478603287
(21, 8, 100, 1, (22,)): 0.05971297611888678
(21, 8, 100, 1, (23,)): 0.055027730132356414
(21, 8, 100, 1, (24,)): 0.04598972355838653
(21, 8, 100, 1, (26,)): 0.046544279891029994
(21, 8, 100, 2, (21, 23)): 0.06853303030597055
(21, 8, 100, 2, (21, 22)): 0.08962294235194518
(21, 8, 100, 2, (22, 24)): 0.06517892896018139
(21, 8, 150, 1, (21,)): 0.04739486984296899
(21, 8, 150, 1, (22,)): 0.054237647581015236
(21, 8, 150, 1, (23,)): 0.04889613992310267
(21, 8, 150, 1, (24,)): 0.0511068688526304
(21, 8, 150, 1, (26,)): 0.046641221224912634
(21, 8, 150, 2, (21, 23)): 0.05728323473955307
(21, 8, 150, 2, (21, 22)): 0.07254913587066578
(21, 8, 150, 2, (22, 24)): 0.06821959474490553
(21, 8, 200, 1, (21,)): 0.048200362825635855
(21, 8, 200, 1, (22,)): 0.04831139835480221
(21, 8, 200, 1, (23,)): 0.050765339688770575
(21, 8, 200, 1, (24,)): 0.048758511761806206
(21, 8, 200, 1, (26,)): 0.04904498134075212
(21, 8, 200, 2, (21, 23)): 0.04829511972112015
(21, 8, 200, 2, (21, 22)): 0.04617251447970096
(21, 8, 200, 2, (22, 24)): 0.05179158589438715
(21, 8, 250, 1, (21,)): 0.04639569967180966
(21, 8, 250, 1, (22,)): 0.05102807971986366
(21, 8, 250, 1, (23,)): 0.04909090588330193
(21, 8, 250, 1, (24,)): 0.047475291785905524
(21, 8, 250, 1, (26,)): 0.04795079636513516
(21, 8, 250, 2, (21, 23)): 0.04911648160155151
(21, 8, 250, 2, (21, 22)): 0.04465997330530376
(21, 8, 250, 2, (22, 24)): 0.04679268422035898
(21, 8, 300, 1, (21,)): 0.04661333566136257
(21, 8, 300, 1, (22,)): 0.05152123782123543
(21, 8, 300, 1, (23,)): 0.04980297510094127
(21, 8, 300, 1, (24,)): 0.05160083818227684
(21, 8, 300, 1, (26,)): 0.04866128769028772
(21, 8, 300, 2, (21, 23)): 0.04531175770788852
(21, 8, 300, 2, (21, 22)): 0.0444215615173902
(21, 8, 300, 2, (22, 24)): 0.0454009487497528
(21, 16, 50, 1, (21,)): 0.06814650998616194
(21, 16, 50, 1, (22,)): 0.09249156181514963
(21, 16, 50, 1, (23,)): 0.09735832265339546
(21, 16, 50, 1, (24,)): 0.08383468812160023
(21, 16, 50, 1, (26,)): 0.09728202312074101
(21, 16, 50, 2, (21, 23)): 0.10432903642660778
(21, 16, 50, 2, (21, 22)): 0.10221016066776996
(21, 16, 50, 2, (22, 24)): 0.10418514048621559
(21, 16, 100, 1, (21,)): 0.07566178245626845
(21, 16, 100, 1, (22,)): 0.06205932613631029
(21, 16, 100, 1, (23,)): 0.04984662510299416
(21, 16, 100, 1, (24,)): 0.04791004865158254
(21, 16, 100, 1, (26,)): 0.06237229174808008
(21, 16, 100, 2, (21, 23)): 0.0983751857366762
(21, 16, 100, 2, (21, 22)): 0.09613688282750511
(21, 16, 100, 2, (22, 24)): 0.09585259163077106
(21, 16, 150, 1, (21,)): 0.0566777639910994
(21, 16, 150, 1, (22,)): 0.08376250335247126
(21, 16, 150, 1, (23,)): 0.05029992771048033
(21, 16, 150, 1, (24,)): 0.053822855842236714
(21, 16, 150, 1, (26,)): 0.055875157714253096
(21, 16, 150, 2, (21, 23)): 0.09549197421363201
(21, 16, 150, 2, (21, 22)): 0.08267160859234521
(21, 16, 150, 2, (22, 24)): 0.08794790158543861
(21, 16, 200, 1, (21,)): 0.05960128270526495
(21, 16, 200, 1, (22,)): 0.04862036390282702
(21, 16, 200, 1, (23,)): 0.06944110782754195
(21, 16, 200, 1, (24,)): 0.05084870949757843
(21, 16, 200, 1, (26,)): 0.04932554070713211
(21, 16, 200, 2, (21, 23)): 0.0671033714392483
(21, 16, 200, 2, (21, 22)): 0.05760977095792127
(21, 16, 200, 2, (22, 24)): 0.06943304637074951
(21, 16, 250, 1, (21,)): 0.04910497543104099
(21, 16, 250, 1, (22,)): 0.04856474899720482
(21, 16, 250, 1, (23,)): 0.05007105010267569
(21, 16, 250, 1, (24,)): 0.048536780125837974
(21, 16, 250, 1, (26,)): 0.050519529500896866
(21, 16, 250, 2, (21, 23)): 0.057596516469411704
(21, 16, 250, 2, (21, 22)): 0.06391067983353234
(21, 16, 250, 2, (22, 24)): 0.06073833219134091
(21, 16, 300, 1, (21,)): 0.05380400722466836
(21, 16, 300, 1, (22,)): 0.0488022237943692
(21, 16, 300, 1, (23,)): 0.05253695399503515
(21, 16, 300, 1, (24,)): 0.04975271479449673
(21, 16, 300, 1, (26,)): 0.05400992424316372
(21, 16, 300, 2, (21, 23)): 0.04914848241316184
(21, 16, 300, 2, (21, 22)): 0.0569281621318015
(21, 16, 300, 2, (22, 24)): 0.07329948735455909
(21, 32, 50, 1, (21,)): 0.062031076300963585
(21, 32, 50, 1, (22,)): 0.09108622000294914
(21, 32, 50, 1, (23,)): 0.13494087266669777
(21, 32, 50, 1, (24,)): 0.07361153220266144
(21, 32, 50, 1, (26,)): 0.07572909293910562
(21, 32, 50, 2, (21, 23)): 0.10899131492547261
(21, 32, 50, 2, (21, 22)): 0.11694534688400537
(21, 32, 50, 2, (22, 24)): 0.11444779789286479
(21, 32, 100, 1, (21,)): 0.12465456779165299
(21, 32, 100, 1, (22,)): 0.06841328491833412
(21, 32, 100, 1, (23,)): 0.055573694135345096
(21, 32, 100, 1, (24,)): 0.08553943789193733
(21, 32, 100, 1, (26,)): 0.08915635638357303
(21, 32, 100, 2, (21, 23)): 0.11018307402715896
(21, 32, 100, 2, (21, 22)): 0.1048859519073374
(21, 32, 100, 2, (22, 24)): 0.10650101271155003
(21, 32, 150, 1, (21,)): 0.056466656841091624
(21, 32, 150, 1, (22,)): 0.10083566513470106
(21, 32, 150, 1, (23,)): 0.10058588581377051
(21, 32, 150, 1, (24,)): 0.05998323250241133
(21, 32, 150, 1, (26,)): 0.07666864727393832
(21, 32, 150, 2, (21, 23)): 0.09490431246610483
(21, 32, 150, 2, (21, 22)): 0.10078718129898936
(21, 32, 150, 2, (22, 24)): 0.09172178176607312
(21, 32, 200, 1, (21,)): 0.07533960696734365
(21, 32, 200, 1, (22,)): 0.05340599714290169
(21, 32, 200, 1, (23,)): 0.050983997605111776
(21, 32, 200, 1, (24,)): 0.06201341983716404
(21, 32, 200, 1, (26,)): 0.06083369973800037
(21, 32, 200, 2, (21, 23)): 0.09099711721013563
(21, 32, 200, 2, (21, 22)): 0.08560538423691302
(21, 32, 200, 2, (22, 24)): 0.09233452293266722
(21, 32, 250, 1, (21,)): 0.04852035800313102
(21, 32, 250, 1, (22,)): 0.050964682718548183
(21, 32, 250, 1, (23,)): 0.05052855747499644
(21, 32, 250, 1, (24,)): 0.05357337190396276
(21, 32, 250, 1, (26,)): 0.051510027470344576
(21, 32, 250, 2, (21, 23)): 0.07482576371735707
(21, 32, 250, 2, (21, 22)): 0.0715470961578781
(21, 32, 250, 2, (22, 24)): 0.08622149330202818
(21, 32, 300, 1, (21,)): 0.05622567814029326
(21, 32, 300, 1, (22,)): 0.0518398620150027
(21, 32, 300, 1, (23,)): 0.060936741868261236
(21, 32, 300, 1, (24,)): 0.05302039915242671
(21, 32, 300, 1, (26,)): 0.05039666680271916
(21, 32, 300, 2, (21, 23)): 0.08532560968834253
(21, 32, 300, 2, (21, 22)): 0.07359938824173687
(21, 32, 300, 2, (22, 24)): 0.0751757070724555
(22, 3, 50, 1, (21,)): 0.05200541267985903
(22, 3, 50, 1, (22,)): 0.049889798809570826
(22, 3, 50, 1, (23,)): 0.04581481745381542
(22, 3, 50, 1, (24,)): 0.048730522437240374
(22, 3, 50, 1, (26,)): 0.05193394173878416
(22, 3, 50, 2, (21, 23)): 0.06037761458188033
(22, 3, 50, 2, (21, 22)): 0.06367036880640772
(22, 3, 50, 2, (22, 24)): 0.07055326237197751
(22, 3, 100, 1, (21,)): 0.04812674671246375
(22, 3, 100, 1, (22,)): 0.04940436374366271
(22, 3, 100, 1, (23,)): 0.04779188231723664
(22, 3, 100, 1, (24,)): 0.05202989068395151
(22, 3, 100, 1, (26,)): 0.04969532930408532
(22, 3, 100, 2, (21, 23)): 0.044887305270405964
(22, 3, 100, 2, (21, 22)): 0.04680732918452988
(22, 3, 100, 2, (22, 24)): 0.046032665390081676
(22, 3, 150, 1, (21,)): 0.04772020112129459
(22, 3, 150, 1, (22,)): 0.04694948305537726
(22, 3, 150, 1, (23,)): 0.047387230636403446
(22, 3, 150, 1, (24,)): 0.05216492752597457
(22, 3, 150, 1, (26,)): 0.04937127020271731
(22, 3, 150, 2, (21, 23)): 0.04378942510767405
(22, 3, 150, 2, (21, 22)): 0.04469148536575401
(22, 3, 150, 2, (22, 24)): 0.04443558127426871
(22, 3, 200, 1, (21,)): 0.05212807135768962
(22, 3, 200, 1, (22,)): 0.051704439998490746
(22, 3, 200, 1, (23,)): 0.05660837613143112
(22, 3, 200, 1, (24,)): 0.0531819833731773
(22, 3, 200, 1, (26,)): 0.05427963850122423
(22, 3, 200, 2, (21, 23)): 0.043260429624265115
(22, 3, 200, 2, (21, 22)): 0.04372357043505751
(22, 3, 200, 2, (22, 24)): 0.04557584087101229
(22, 3, 250, 1, (21,)): 0.0517614823133423
(22, 3, 250, 1, (22,)): 0.05162982525617188
(22, 3, 250, 1, (23,)): 0.05192199929112403
(22, 3, 250, 1, (24,)): 0.05218571971314516
(22, 3, 250, 1, (26,)): 0.05247787073265888
(22, 3, 250, 2, (21, 23)): 0.04395546778918811
(22, 3, 250, 2, (21, 22)): 0.04322166192364071
(22, 3, 250, 2, (22, 24)): 0.04519730339623586
(22, 3, 300, 1, (21,)): 0.05380716398703711
(22, 3, 300, 1, (22,)): 0.05191729971602963
(22, 3, 300, 1, (23,)): 0.050554574858746926
(22, 3, 300, 1, (24,)): 0.05430500093552034
(22, 3, 300, 1, (26,)): 0.052783428172504435
(22, 3, 300, 2, (21, 23)): 0.04650187813747862
(22, 3, 300, 2, (21, 22)): 0.045092294003790265
(22, 3, 300, 2, (22, 24)): 0.044500617261173166
(22, 5, 50, 1, (21,)): 0.05548392947233118
(22, 5, 50, 1, (22,)): 0.05440083218780021
(22, 5, 50, 1, (23,)): 0.048725368354470604
(22, 5, 50, 1, (24,)): 0.06981993100697512
(22, 5, 50, 1, (26,)): 0.050326512403939
(22, 5, 50, 2, (21, 23)): 0.07821100231032078
(22, 5, 50, 2, (21, 22)): 0.090582832132472
(22, 5, 50, 2, (22, 24)): 0.07463334212955393
(22, 5, 100, 1, (21,)): 0.047153792404857245
(22, 5, 100, 1, (22,)): 0.04544395640104649
(22, 5, 100, 1, (23,)): 0.04760239745465299
(22, 5, 100, 1, (24,)): 0.04745165997634219
(22, 5, 100, 1, (26,)): 0.04972034383086275
(22, 5, 100, 2, (21, 23)): 0.07335186573321231
(22, 5, 100, 2, (21, 22)): 0.06136741108887893
(22, 5, 100, 2, (22, 24)): 0.05510190163036882
(22, 5, 150, 1, (21,)): 0.04986668371642229
(22, 5, 150, 1, (22,)): 0.05311698362729177
(22, 5, 150, 1, (23,)): 0.05038121321010862
(22, 5, 150, 1, (24,)): 0.04991188452215164
(22, 5, 150, 1, (26,)): 0.049091435341536004
(22, 5, 150, 2, (21, 23)): 0.044963450921854324
(22, 5, 150, 2, (21, 22)): 0.05068840760619925
(22, 5, 150, 2, (22, 24)): 0.04772181347381231
(22, 5, 200, 1, (21,)): 0.04894292827865396
(22, 5, 200, 1, (22,)): 0.04800858248913009
(22, 5, 200, 1, (23,)): 0.050056241279345784
(22, 5, 200, 1, (24,)): 0.052855792949157376
(22, 5, 200, 1, (26,)): 0.05110303935770229
(22, 5, 200, 2, (21, 23)): 0.04407490403677869
(22, 5, 200, 2, (21, 22)): 0.043924959593246916
(22, 5, 200, 2, (22, 24)): 0.04540348280849939
(22, 5, 250, 1, (21,)): 0.05071403686945449
(22, 5, 250, 1, (22,)): 0.05014816490523908
(22, 5, 250, 1, (23,)): 0.05301155057593816
(22, 5, 250, 1, (24,)): 0.05142744587351037
(22, 5, 250, 1, (26,)): 0.05089172077728597
(22, 5, 250, 2, (21, 23)): 0.04461072578061268
(22, 5, 250, 2, (21, 22)): 0.04562895654522751
(22, 5, 250, 2, (22, 24)): 0.04432049949152468
(22, 5, 300, 1, (21,)): 0.05094626061091865
(22, 5, 300, 1, (22,)): 0.053062033741346326
(22, 5, 300, 1, (23,)): 0.047522564857919544
(22, 5, 300, 1, (24,)): 0.05348228996352229
(22, 5, 300, 1, (26,)): 0.0519068924758195
(22, 5, 300, 2, (21, 23)): 0.04457565292006914
(22, 5, 300, 2, (21, 22)): 0.044355013173618243
(22, 5, 300, 2, (22, 24)): 0.04501573744979784
(22, 8, 50, 1, (21,)): 0.08078785201941366
(22, 8, 50, 1, (22,)): 0.08607557828677778
(22, 8, 50, 1, (23,)): 0.09020021804415006
(22, 8, 50, 1, (24,)): 0.06757325928826238
(22, 8, 50, 1, (26,)): 0.05244296465907654
(22, 8, 50, 2, (21, 23)): 0.09501793965675116
(22, 8, 50, 2, (21, 22)): 0.09126365536265199
(22, 8, 50, 2, (22, 24)): 0.09520592832732042
(22, 8, 100, 1, (21,)): 0.04875160047222803
(22, 8, 100, 1, (22,)): 0.05459674202308255
(22, 8, 100, 1, (23,)): 0.0739936883020715
(22, 8, 100, 1, (24,)): 0.050540078688132616
(22, 8, 100, 1, (26,)): 0.05259952109126882
(22, 8, 100, 2, (21, 23)): 0.07025316830266146
(22, 8, 100, 2, (21, 22)): 0.07771384547435423
(22, 8, 100, 2, (22, 24)): 0.09626958973504982
(22, 8, 150, 1, (21,)): 0.046666656682446704
(22, 8, 150, 1, (22,)): 0.046811579915826296
(22, 8, 150, 1, (23,)): 0.04692573781913613
(22, 8, 150, 1, (24,)): 0.0503858372430358
(22, 8, 150, 1, (26,)): 0.047933199611719976
(22, 8, 150, 2, (21, 23)): 0.05240070616522696
(22, 8, 150, 2, (21, 22)): 0.057538488294290556
(22, 8, 150, 2, (22, 24)): 0.058625310623939095
(22, 8, 200, 1, (21,)): 0.04740763480595474
(22, 8, 200, 1, (22,)): 0.04718023321157484
(22, 8, 200, 1, (23,)): 0.04560135311139585
(22, 8, 200, 1, (24,)): 0.04960369683529261
(22, 8, 200, 1, (26,)): 0.052502509941109055
(22, 8, 200, 2, (21, 23)): 0.04688061434581333
(22, 8, 200, 2, (21, 22)): 0.04639474408481921
(22, 8, 200, 2, (22, 24)): 0.046903061559693184
(22, 8, 250, 1, (21,)): 0.05033227460716204
(22, 8, 250, 1, (22,)): 0.051012248429030516
(22, 8, 250, 1, (23,)): 0.048436704641651056
(22, 8, 250, 1, (24,)): 0.050638550699146134
(22, 8, 250, 1, (26,)): 0.050632594783384735
(22, 8, 250, 2, (21, 23)): 0.044819135062248314
(22, 8, 250, 2, (21, 22)): 0.044042851318528295
(22, 8, 250, 2, (22, 24)): 0.04579966225799958
(22, 8, 300, 1, (21,)): 0.051205066205847326
(22, 8, 300, 1, (22,)): 0.052670047162687084
(22, 8, 300, 1, (23,)): 0.050243001570022074
(22, 8, 300, 1, (24,)): 0.05206543542264495
(22, 8, 300, 1, (26,)): 0.04859982560791445
(22, 8, 300, 2, (21, 23)): 0.04446717340519446
(22, 8, 300, 2, (21, 22)): 0.0445689671208074
(22, 8, 300, 2, (22, 24)): 0.044576523882264275
(22, 16, 50, 1, (21,)): 0.12819326487123375
(22, 16, 50, 1, (22,)): 0.07724024586738987
(22, 16, 50, 1, (23,)): 0.07256779708171136
(22, 16, 50, 1, (24,)): 0.11198562312669005
(22, 16, 50, 1, (26,)): 0.10032238675170528
(22, 16, 50, 2, (21, 23)): 0.10982826588774261
(22, 16, 50, 2, (21, 22)): 0.1036991258287897
(22, 16, 50, 2, (22, 24)): 0.11128050231449804
(22, 16, 100, 1, (21,)): 0.06097976656862401
(22, 16, 100, 1, (22,)): 0.07362475549860757
(22, 16, 100, 1, (23,)): 0.06439603951813774
(22, 16, 100, 1, (24,)): 0.07124256745247312
(22, 16, 100, 1, (26,)): 0.0699332640393076
(22, 16, 100, 2, (21, 23)): 0.09511422102639416
(22, 16, 100, 2, (21, 22)): 0.07635350401349955
(22, 16, 100, 2, (22, 24)): 0.08944424682561676
(22, 16, 150, 1, (21,)): 0.052300838981587015
(22, 16, 150, 1, (22,)): 0.056644275566281634
(22, 16, 150, 1, (23,)): 0.04968343732911602
(22, 16, 150, 1, (24,)): 0.06451145928482804
(22, 16, 150, 1, (26,)): 0.04876183698119277
(22, 16, 150, 2, (21, 23)): 0.07651016412831468
(22, 16, 150, 2, (21, 22)): 0.08037957942745863
(22, 16, 150, 2, (22, 24)): 0.09599479298566536
(22, 16, 200, 1, (21,)): 0.049013615014666924
(22, 16, 200, 1, (22,)): 0.0563097916577598
(22, 16, 200, 1, (23,)): 0.05088542651933007
(22, 16, 200, 1, (24,)): 0.04811255442487443
(22, 16, 200, 1, (26,)): 0.04877346842638135
(22, 16, 200, 2, (21, 23)): 0.06893566793216827
(22, 16, 200, 2, (21, 22)): 0.06220088439190916
(22, 16, 200, 2, (22, 24)): 0.08557380956744068
(22, 16, 250, 1, (21,)): 0.048857298314160795
(22, 16, 250, 1, (22,)): 0.05119284714093769
(22, 16, 250, 1, (23,)): 0.04656730589046093
(22, 16, 250, 1, (24,)): 0.04657660811574061
(22, 16, 250, 1, (26,)): 0.05051070787594012
(22, 16, 250, 2, (21, 23)): 0.054874460137525435
(22, 16, 250, 2, (21, 22)): 0.05920335551144808
(22, 16, 250, 2, (22, 24)): 0.06261192964811582
(22, 16, 300, 1, (21,)): 0.04715448920064978
(22, 16, 300, 1, (22,)): 0.04883664877656437
(22, 16, 300, 1, (23,)): 0.047585622114174345
(22, 16, 300, 1, (24,)): 0.04742727838283196
(22, 16, 300, 1, (26,)): 0.04949812340812099
(22, 16, 300, 2, (21, 23)): 0.051337834898366595
(22, 16, 300, 2, (21, 22)): 0.0699191426451412
(22, 16, 300, 2, (22, 24)): 0.047729783294872485
(22, 32, 50, 1, (21,)): 0.1284608918769984
(22, 32, 50, 1, (22,)): 0.10235254915120857
(22, 32, 50, 1, (23,)): 0.07299665291983923
(22, 32, 50, 1, (24,)): 0.1275796333833749
(22, 32, 50, 1, (26,)): 0.11270659587019963
(22, 32, 50, 2, (21, 23)): 0.1123960966924861
(22, 32, 50, 2, (21, 22)): 0.10915703339653175
(22, 32, 50, 2, (22, 24)): 0.10960571959232383
(22, 32, 100, 1, (21,)): 0.10122480596490328
(22, 32, 100, 1, (22,)): 0.07845804357614794
(22, 32, 100, 1, (23,)): 0.13797871375912413
(22, 32, 100, 1, (24,)): 0.07583903384521011
(22, 32, 100, 1, (26,)): 0.0838188615466701
(22, 32, 100, 2, (21, 23)): 0.11015505947430786
(22, 32, 100, 2, (21, 22)): 0.10528619097536854
(22, 32, 100, 2, (22, 24)): 0.10516336116470279
(22, 32, 150, 1, (21,)): 0.07786900575401308
(22, 32, 150, 1, (22,)): 0.060784169708091015
(22, 32, 150, 1, (23,)): 0.07204448112222947
(22, 32, 150, 1, (24,)): 0.10556947297575474
(22, 32, 150, 1, (26,)): 0.0819771180933985
(22, 32, 150, 2, (21, 23)): 0.09534349036112305
(22, 32, 150, 2, (21, 22)): 0.09779526916163743
(22, 32, 150, 2, (22, 24)): 0.10890715467633347
(22, 32, 200, 1, (21,)): 0.062238574212630605
(22, 32, 200, 1, (22,)): 0.07140739609978153
(22, 32, 200, 1, (23,)): 0.062063539892768915
(22, 32, 200, 1, (24,)): 0.056878858403838516
(22, 32, 200, 1, (26,)): 0.05078573669408977
(22, 32, 200, 2, (21, 23)): 0.09463355178862876
(22, 32, 200, 2, (21, 22)): 0.08636486547984719
(22, 32, 200, 2, (22, 24)): 0.08817414400586512
(22, 32, 250, 1, (21,)): 0.053946517863790636
(22, 32, 250, 1, (22,)): 0.04840114042994339
(22, 32, 250, 1, (23,)): 0.051086032727024146
(22, 32, 250, 1, (24,)): 0.05801356743279766
(22, 32, 250, 1, (26,)): 0.05397509494506425
(22, 32, 250, 2, (21, 23)): 0.09537156131676591
(22, 32, 250, 2, (21, 22)): 0.0916915539351412
(22, 32, 250, 2, (22, 24)): 0.08644742401974403
(22, 32, 300, 1, (21,)): 0.05300514768091302
(22, 32, 300, 1, (22,)): 0.050854643070836356
(22, 32, 300, 1, (23,)): 0.056058802479569445
(22, 32, 300, 1, (24,)): 0.056449939775739776
(22, 32, 300, 1, (26,)): 0.08767432841294434
(22, 32, 300, 2, (21, 23)): 0.07595162213276659
(22, 32, 300, 2, (21, 22)): 0.06533603352228198
(22, 32, 300, 2, (22, 24)): 0.08130577929527119
(23, 3, 50, 1, (21,)): 0.08559611488223828
(23, 3, 50, 1, (22,)): 0.05264676173287346
(23, 3, 50, 1, (23,)): 0.04750927084623749
(23, 3, 50, 1, (24,)): 0.05105719281132022
(23, 3, 50, 1, (26,)): 0.05292413450616586
(23, 3, 50, 2, (21, 23)): 0.08452981844622262
(23, 3, 50, 2, (21, 22)): 0.05515120686602596
(23, 3, 50, 2, (22, 24)): 0.07737373166772063
(23, 3, 100, 1, (21,)): 0.04738781788698533
(23, 3, 100, 1, (22,)): 0.05094853331846181
(23, 3, 100, 1, (23,)): 0.04889499627091083
(23, 3, 100, 1, (24,)): 0.05099326050379097
(23, 3, 100, 1, (26,)): 0.04943300413956694
(23, 3, 100, 2, (21, 23)): 0.04490289860941197
(23, 3, 100, 2, (21, 22)): 0.04439564525316626
(23, 3, 100, 2, (22, 24)): 0.04637747531209198
(23, 3, 150, 1, (21,)): 0.04953730845576844
(23, 3, 150, 1, (22,)): 0.051168755027149036
(23, 3, 150, 1, (23,)): 0.04935535896181452
(23, 3, 150, 1, (24,)): 0.051868145889324466
(23, 3, 150, 1, (26,)): 0.04824607458285042
(23, 3, 150, 2, (21, 23)): 0.04555290303818247
(23, 3, 150, 2, (21, 22)): 0.04387094830217705
(23, 3, 150, 2, (22, 24)): 0.044193561757648644
(23, 3, 200, 1, (21,)): 0.05020288824672738
(23, 3, 200, 1, (22,)): 0.048576744250741155
(23, 3, 200, 1, (23,)): 0.05298246151453038
(23, 3, 200, 1, (24,)): 0.05043330797489983
(23, 3, 200, 1, (26,)): 0.05412658160585811
(23, 3, 200, 2, (21, 23)): 0.04499230433751317
(23, 3, 200, 2, (21, 22)): 0.045770568723408935
(23, 3, 200, 2, (22, 24)): 0.044691589038703794
(23, 3, 250, 1, (21,)): 0.054989711833100016
(23, 3, 250, 1, (22,)): 0.05078003358142417
(23, 3, 250, 1, (23,)): 0.05509681931844577
(23, 3, 250, 1, (24,)): 0.0503197500364934
(23, 3, 250, 1, (26,)): 0.05145141838541688
(23, 3, 250, 2, (21, 23)): 0.04594220123866374
(23, 3, 250, 2, (21, 22)): 0.04402650181762434
(23, 3, 250, 2, (22, 24)): 0.043585138279853455
(23, 3, 300, 1, (21,)): 0.050634017152807256
(23, 3, 300, 1, (22,)): 0.054053294542633155
(23, 3, 300, 1, (23,)): 0.051917506764149954
(23, 3, 300, 1, (24,)): 0.05239473691797636
(23, 3, 300, 1, (26,)): 0.05177644858144516
(23, 3, 300, 2, (21, 23)): 0.0444258634170205
(23, 3, 300, 2, (21, 22)): 0.046325475549843516
(23, 3, 300, 2, (22, 24)): 0.047561557892907905
(23, 5, 50, 1, (21,)): 0.05614432525673243
(23, 5, 50, 1, (22,)): 0.05981909236997022
(23, 5, 50, 1, (23,)): 0.07016141014147889
(23, 5, 50, 1, (24,)): 0.05569881326741568
(23, 5, 50, 1, (26,)): 0.054185529315127004
(23, 5, 50, 2, (21, 23)): 0.07073352949510678
(23, 5, 50, 2, (21, 22)): 0.0991617778045197
(23, 5, 50, 2, (22, 24)): 0.0739427767920491
(23, 5, 100, 1, (21,)): 0.04769176939998328
(23, 5, 100, 1, (22,)): 0.05454454843159735
(23, 5, 100, 1, (23,)): 0.05213452673494092
(23, 5, 100, 1, (24,)): 0.0489493264361041
(23, 5, 100, 1, (26,)): 0.04821016382325706
(23, 5, 100, 2, (21, 23)): 0.061154336459967484
(23, 5, 100, 2, (21, 22)): 0.050764336099452356
(23, 5, 100, 2, (22, 24)): 0.05031451204866753
(23, 5, 150, 1, (21,)): 0.04975023322453344
(23, 5, 150, 1, (22,)): 0.04655318270373325
(23, 5, 150, 1, (23,)): 0.048038693363271004
(23, 5, 150, 1, (24,)): 0.047446187429935185
(23, 5, 150, 1, (26,)): 0.0469616961803227
(23, 5, 150, 2, (21, 23)): 0.04661025794375044
(23, 5, 150, 2, (21, 22)): 0.04500421631833549
(23, 5, 150, 2, (22, 24)): 0.06182945826131421
(23, 5, 200, 1, (21,)): 0.05081004160455318
(23, 5, 200, 1, (22,)): 0.048268584525291994
(23, 5, 200, 1, (23,)): 0.052540724818972095
(23, 5, 200, 1, (24,)): 0.04907801162504747
(23, 5, 200, 1, (26,)): 0.053272215292906176
(23, 5, 200, 2, (21, 23)): 0.04499549420629286
(23, 5, 200, 2, (21, 22)): 0.04450573941742626
(23, 5, 200, 2, (22, 24)): 0.044957990453935406
(23, 5, 250, 1, (21,)): 0.04932887347001674
(23, 5, 250, 1, (22,)): 0.04838209772153346
(23, 5, 250, 1, (23,)): 0.050058734956727635
(23, 5, 250, 1, (24,)): 0.055166355968250966
(23, 5, 250, 1, (26,)): 0.04787030344126264
(23, 5, 250, 2, (21, 23)): 0.04319379754551268
(23, 5, 250, 2, (21, 22)): 0.04419447349533363
(23, 5, 250, 2, (22, 24)): 0.04423595172385045
(23, 5, 300, 1, (21,)): 0.05166162993932207
(23, 5, 300, 1, (22,)): 0.04866682023004268
(23, 5, 300, 1, (23,)): 0.05114852064526078
(23, 5, 300, 1, (24,)): 0.051352926113616325
(23, 5, 300, 1, (26,)): 0.04835442485622739
(23, 5, 300, 2, (21, 23)): 0.04541565115174347
(23, 5, 300, 2, (21, 22)): 0.04474732058764266
(23, 5, 300, 2, (22, 24)): 0.04529396513358312
(23, 8, 50, 1, (21,)): 0.05707031679423634
(23, 8, 50, 1, (22,)): 0.09639581443784842
(23, 8, 50, 1, (23,)): 0.06703187953391307
(23, 8, 50, 1, (24,)): 0.0643135905977493
(23, 8, 50, 1, (26,)): 0.0558702251391626
(23, 8, 50, 2, (21, 23)): 0.10588169027986778
(23, 8, 50, 2, (21, 22)): 0.099409345622089
(23, 8, 50, 2, (22, 24)): 0.10149430568623283
(23, 8, 100, 1, (21,)): 0.06406336266524285
(23, 8, 100, 1, (22,)): 0.059100405750855
(23, 8, 100, 1, (23,)): 0.050423645726527376
(23, 8, 100, 1, (24,)): 0.04949068300458981
(23, 8, 100, 1, (26,)): 0.05757738866533527
(23, 8, 100, 2, (21, 23)): 0.08421343195102265
(23, 8, 100, 2, (21, 22)): 0.06215170797580634
(23, 8, 100, 2, (22, 24)): 0.06403996750190093
(23, 8, 150, 1, (21,)): 0.04509132767471115
(23, 8, 150, 1, (22,)): 0.04616177517111124
(23, 8, 150, 1, (23,)): 0.04634397470560635
(23, 8, 150, 1, (24,)): 0.048886083630227214
(23, 8, 150, 1, (26,)): 0.05098406285206712
(23, 8, 150, 2, (21, 23)): 0.051296640159075715
(23, 8, 150, 2, (21, 22)): 0.05715089680127723
(23, 8, 150, 2, (22, 24)): 0.07193294478366286
(23, 8, 200, 1, (21,)): 0.04643964805314158
(23, 8, 200, 1, (22,)): 0.05029053094353534
(23, 8, 200, 1, (23,)): 0.04942438348695084
(23, 8, 200, 1, (24,)): 0.04992576868791897
(23, 8, 200, 1, (26,)): 0.048516897083257425
(23, 8, 200, 2, (21, 23)): 0.04661089239906195
(23, 8, 200, 2, (21, 22)): 0.05827757890715275
(23, 8, 200, 2, (22, 24)): 0.04466079566784052
(23, 8, 250, 1, (21,)): 0.04866852508150394
(23, 8, 250, 1, (22,)): 0.05052337943339685
(23, 8, 250, 1, (23,)): 0.04954622243191264
(23, 8, 250, 1, (24,)): 0.05007656833848184
(23, 8, 250, 1, (26,)): 0.05022174606125497
(23, 8, 250, 2, (21, 23)): 0.044752159800923536
(23, 8, 250, 2, (21, 22)): 0.04571626507439442
(23, 8, 250, 2, (22, 24)): 0.04459827269042428
(23, 8, 300, 1, (21,)): 0.04977082271580047
(23, 8, 300, 1, (22,)): 0.04895539605506882
(23, 8, 300, 1, (23,)): 0.050915040005135324
(23, 8, 300, 1, (24,)): 0.047379341770950004
(23, 8, 300, 1, (26,)): 0.04746273021841181
(23, 8, 300, 2, (21, 23)): 0.04421457497099762
(23, 8, 300, 2, (21, 22)): 0.045442892704378415
(23, 8, 300, 2, (22, 24)): 0.044903855899918375
(23, 16, 50, 1, (21,)): 0.12179344092081881
(23, 16, 50, 1, (22,)): 0.12960696847126382
(23, 16, 50, 1, (23,)): 0.09270687941193576
(23, 16, 50, 1, (24,)): 0.08414155622992472
(23, 16, 50, 1, (26,)): 0.09333526487625639
(23, 16, 50, 2, (21, 23)): 0.09820223669926252
(23, 16, 50, 2, (21, 22)): 0.1133360470696084
(23, 16, 50, 2, (22, 24)): 0.10171460363953386
(23, 16, 100, 1, (21,)): 0.08783972193015181
(23, 16, 100, 1, (22,)): 0.05497093774993791
(23, 16, 100, 1, (23,)): 0.06435222914822704
(23, 16, 100, 1, (24,)): 0.0785896337601834
(23, 16, 100, 1, (26,)): 0.055354514345018146
(23, 16, 100, 2, (21, 23)): 0.0893690694935575
(23, 16, 100, 2, (21, 22)): 0.0969097925006708
(23, 16, 100, 2, (22, 24)): 0.09614954737949628
(23, 16, 150, 1, (21,)): 0.09607730803822505
(23, 16, 150, 1, (22,)): 0.05945850238793978
(23, 16, 150, 1, (23,)): 0.05190956801139057
(23, 16, 150, 1, (24,)): 0.05788707463110539
(23, 16, 150, 1, (26,)): 0.04726342756118202
(23, 16, 150, 2, (21, 23)): 0.08772613592437276
(23, 16, 150, 2, (21, 22)): 0.08501801230756517
(23, 16, 150, 2, (22, 24)): 0.06938563704770379
(23, 16, 200, 1, (21,)): 0.061663886687167005
(23, 16, 200, 1, (22,)): 0.050891747193899314
(23, 16, 200, 1, (23,)): 0.04868461197833198
(23, 16, 200, 1, (24,)): 0.048281867164192
(23, 16, 200, 1, (26,)): 0.04677026912703206
(23, 16, 200, 2, (21, 23)): 0.0706415374714218
(23, 16, 200, 2, (21, 22)): 0.05661485424612879
(23, 16, 200, 2, (22, 24)): 0.07752153544528317
(23, 16, 250, 1, (21,)): 0.049728912860987795
(23, 16, 250, 1, (22,)): 0.048671476346600365
(23, 16, 250, 1, (23,)): 0.0490521953535077
(23, 16, 250, 1, (24,)): 0.04974544062138624
(23, 16, 250, 1, (26,)): 0.047803745716015464
(23, 16, 250, 2, (21, 23)): 0.08128300547293803
(23, 16, 250, 2, (21, 22)): 0.05423218377098453
(23, 16, 250, 2, (22, 24)): 0.0766652087978363
(23, 16, 300, 1, (21,)): 0.05168103057412614
(23, 16, 300, 1, (22,)): 0.05061625863930884
(23, 16, 300, 1, (23,)): 0.05135199394119938
(23, 16, 300, 1, (24,)): 0.047426566483607026
(23, 16, 300, 1, (26,)): 0.04754735545125746
(23, 16, 300, 2, (21, 23)): 0.05384468859408773
(23, 16, 300, 2, (21, 22)): 0.05143878258793091
(23, 16, 300, 2, (22, 24)): 0.054326660323825694
(23, 32, 50, 1, (21,)): 0.15150542318205804
(23, 32, 50, 1, (22,)): 0.13178210406221727
(23, 32, 50, 1, (23,)): 0.08239755499963478
(23, 32, 50, 1, (24,)): 0.1376597757572679
(23, 32, 50, 1, (26,)): 0.10105693464692589
(23, 32, 50, 2, (21, 23)): 0.10776276589718754
(23, 32, 50, 2, (21, 22)): 0.11051562654875861
(23, 32, 50, 2, (22, 24)): 0.11198094334191752
(23, 32, 100, 1, (21,)): 0.08923361440997661
(23, 32, 100, 1, (22,)): 0.1020527898361493
(23, 32, 100, 1, (23,)): 0.060803080489115056
(23, 32, 100, 1, (24,)): 0.05537405305574655
(23, 32, 100, 1, (26,)): 0.10853212298179445
(23, 32, 100, 2, (21, 23)): 0.09426732061650432
(23, 32, 100, 2, (21, 22)): 0.09635689263180822
(23, 32, 100, 2, (22, 24)): 0.10278897536891243
(23, 32, 150, 1, (21,)): 0.08447670282483655
(23, 32, 150, 1, (22,)): 0.054877853969706236
(23, 32, 150, 1, (23,)): 0.11737906846535724
(23, 32, 150, 1, (24,)): 0.06830157240847187
(23, 32, 150, 1, (26,)): 0.0638855579725656
(23, 32, 150, 2, (21, 23)): 0.0958233304612115
(23, 32, 150, 2, (21, 22)): 0.09998168738210855
(23, 32, 150, 2, (22, 24)): 0.09672433978115866
(23, 32, 200, 1, (21,)): 0.05154742647391786
(23, 32, 200, 1, (22,)): 0.07234221281047785
(23, 32, 200, 1, (23,)): 0.06180638469082409
(23, 32, 200, 1, (24,)): 0.07131182544708833
(23, 32, 200, 1, (26,)): 0.05044774445501593
(23, 32, 200, 2, (21, 23)): 0.09946269910895829
(23, 32, 200, 2, (21, 22)): 0.09976301529062795
(23, 32, 200, 2, (22, 24)): 0.08357087394586855
(23, 32, 250, 1, (21,)): 0.06774220148518482
(23, 32, 250, 1, (22,)): 0.05443831052601994
(23, 32, 250, 1, (23,)): 0.05482029924858749
(23, 32, 250, 1, (24,)): 0.05671154550024987
(23, 32, 250, 1, (26,)): 0.0493138333553768
(23, 32, 250, 2, (21, 23)): 0.10558099515261217
(23, 32, 250, 2, (21, 22)): 0.08667842554944097
(23, 32, 250, 2, (22, 24)): 0.0936046454220435
(23, 32, 300, 1, (21,)): 0.051783286863191766
(23, 32, 300, 1, (22,)): 0.047035285191692214
(23, 32, 300, 1, (23,)): 0.04844746629648168
(23, 32, 300, 1, (24,)): 0.06304090331369706
(23, 32, 300, 1, (26,)): 0.057948223319293043
(23, 32, 300, 2, (21, 23)): 0.07400834307238781
(23, 32, 300, 2, (21, 22)): 0.07836798429335692
(23, 32, 300, 2, (22, 24)): 0.07632277097002363
(24, 3, 50, 1, (21,)): 0.04641421544126536
(24, 3, 50, 1, (22,)): 0.04637961924899435
(24, 3, 50, 1, (23,)): 0.05548612112681287
(24, 3, 50, 1, (24,)): 0.048231205962280164
(24, 3, 50, 1, (26,)): 0.05179249000716427
(24, 3, 50, 2, (21, 23)): 0.07337868204871367
(24, 3, 50, 2, (21, 22)): 0.07505803010858428
(24, 3, 50, 2, (22, 24)): 0.06365684029511273
(24, 3, 100, 1, (21,)): 0.04702530704406458
(24, 3, 100, 1, (22,)): 0.048084862562878715
(24, 3, 100, 1, (23,)): 0.05005577569905486
(24, 3, 100, 1, (24,)): 0.04787167185348064
(24, 3, 100, 1, (26,)): 0.04898263863359585
(24, 3, 100, 2, (21, 23)): 0.04558517130546198
(24, 3, 100, 2, (21, 22)): 0.0458187749573293
(24, 3, 100, 2, (22, 24)): 0.04582809388835635
(24, 3, 150, 1, (21,)): 0.05171481245037328
(24, 3, 150, 1, (22,)): 0.04884022980636457
(24, 3, 150, 1, (23,)): 0.049970171753765225
(24, 3, 150, 1, (24,)): 0.04945391993746589
(24, 3, 150, 1, (26,)): 0.04743547763689688
(24, 3, 150, 2, (21, 23)): 0.0434795317265416
(24, 3, 150, 2, (21, 22)): 0.043865402311773105
(24, 3, 150, 2, (22, 24)): 0.044350462965815685
(24, 3, 200, 1, (21,)): 0.05140700535358883
(24, 3, 200, 1, (22,)): 0.05312026767938079
(24, 3, 200, 1, (23,)): 0.05027769184698019
(24, 3, 200, 1, (24,)): 0.05306808469979361
(24, 3, 200, 1, (26,)): 0.053946701729151836
(24, 3, 200, 2, (21, 23)): 0.04457777518428001
(24, 3, 200, 2, (21, 22)): 0.045139612432820365
(24, 3, 200, 2, (22, 24)): 0.04457536898842195
(24, 3, 250, 1, (21,)): 0.05058617225597438
(24, 3, 250, 1, (22,)): 0.0508976503127873
(24, 3, 250, 1, (23,)): 0.05194386258143178
(24, 3, 250, 1, (24,)): 0.05036515924011424
(24, 3, 250, 1, (26,)): 0.05203722330662047
(24, 3, 250, 2, (21, 23)): 0.04551146750735858
(24, 3, 250, 2, (21, 22)): 0.045478324132938466
(24, 3, 250, 2, (22, 24)): 0.044071203368751845
(24, 3, 300, 1, (21,)): 0.04963409146446558
(24, 3, 300, 1, (22,)): 0.05221437161993738
(24, 3, 300, 1, (23,)): 0.05445009090210016
(24, 3, 300, 1, (24,)): 0.049804447338249735
(24, 3, 300, 1, (26,)): 0.05043396332705193
(24, 3, 300, 2, (21, 23)): 0.04605330329331846
(24, 3, 300, 2, (21, 22)): 0.04649814264431994
(24, 3, 300, 2, (22, 24)): 0.04754824780127774
(24, 5, 50, 1, (21,)): 0.05474208328467915
(24, 5, 50, 1, (22,)): 0.06564298392259368
(24, 5, 50, 1, (23,)): 0.054064223853091765
(24, 5, 50, 1, (24,)): 0.06322608556523772
(24, 5, 50, 1, (26,)): 0.05669414034678821
(24, 5, 50, 2, (21, 23)): 0.06982783756492054
(24, 5, 50, 2, (21, 22)): 0.08305337711311042
(24, 5, 50, 2, (22, 24)): 0.08016508382151062
(24, 5, 100, 1, (21,)): 0.04611339865934343
(24, 5, 100, 1, (22,)): 0.047449762620217176
(24, 5, 100, 1, (23,)): 0.045974325934337985
(24, 5, 100, 1, (24,)): 0.04742982710399689
(24, 5, 100, 1, (26,)): 0.05056280434655168
(24, 5, 100, 2, (21, 23)): 0.05713965487081298
(24, 5, 100, 2, (21, 22)): 0.06502158623976143
(24, 5, 100, 2, (22, 24)): 0.050118335342971845
(24, 5, 150, 1, (21,)): 0.04817987586901415
(24, 5, 150, 1, (22,)): 0.05233318822466373
(24, 5, 150, 1, (23,)): 0.045806294846393765
(24, 5, 150, 1, (24,)): 0.04887028480296488
(24, 5, 150, 1, (26,)): 0.04650439493994001
(24, 5, 150, 2, (21, 23)): 0.04507446390832125
(24, 5, 150, 2, (21, 22)): 0.0476915771796525
(24, 5, 150, 2, (22, 24)): 0.04512079101447384
(24, 5, 200, 1, (21,)): 0.04842537572432336
(24, 5, 200, 1, (22,)): 0.049302574106218584
(24, 5, 200, 1, (23,)): 0.0468866336630325
(24, 5, 200, 1, (24,)): 0.04949308980363438
(24, 5, 200, 1, (26,)): 0.04792354864120349
(24, 5, 200, 2, (21, 23)): 0.04623388517001279
(24, 5, 200, 2, (21, 22)): 0.044237292287658374
(24, 5, 200, 2, (22, 24)): 0.044941065520204035
(24, 5, 250, 1, (21,)): 0.04663423132539117
(24, 5, 250, 1, (22,)): 0.047484693833379076
(24, 5, 250, 1, (23,)): 0.04769094432342201
(24, 5, 250, 1, (24,)): 0.050633842055112996
(24, 5, 250, 1, (26,)): 0.04854822553143402
(24, 5, 250, 2, (21, 23)): 0.04377157542770357
(24, 5, 250, 2, (21, 22)): 0.043939102389488435
(24, 5, 250, 2, (22, 24)): 0.04545958345424013
(24, 5, 300, 1, (21,)): 0.05343123550071294
(24, 5, 300, 1, (22,)): 0.04904273825458952
(24, 5, 300, 1, (23,)): 0.04914013981256372
(24, 5, 300, 1, (24,)): 0.05102559779249479
(24, 5, 300, 1, (26,)): 0.05080566418726654
(24, 5, 300, 2, (21, 23)): 0.045420563056926586
(24, 5, 300, 2, (21, 22)): 0.044044878893281604
(24, 5, 300, 2, (22, 24)): 0.046911581124981734
(24, 8, 50, 1, (21,)): 0.05309732696556946
(24, 8, 50, 1, (22,)): 0.08705149378709921
(24, 8, 50, 1, (23,)): 0.11406702153288106
(24, 8, 50, 1, (24,)): 0.05461110016941052
(24, 8, 50, 1, (26,)): 0.048984563594145054
(24, 8, 50, 2, (21, 23)): 0.08944120243159556
(24, 8, 50, 2, (21, 22)): 0.09683447112356094
(24, 8, 50, 2, (22, 24)): 0.09893849892477753
(24, 8, 100, 1, (21,)): 0.04859736222731065
(24, 8, 100, 1, (22,)): 0.05169111528882495
(24, 8, 100, 1, (23,)): 0.05077431340870966
(24, 8, 100, 1, (24,)): 0.04909613873115128
(24, 8, 100, 1, (26,)): 0.049702781125591664
(24, 8, 100, 2, (21, 23)): 0.07147881875983587
(24, 8, 100, 2, (21, 22)): 0.08360385159267308
(24, 8, 100, 2, (22, 24)): 0.09657101181250324
(24, 8, 150, 1, (21,)): 0.046494885135254085
(24, 8, 150, 1, (22,)): 0.04596686799460266
(24, 8, 150, 1, (23,)): 0.05054446850207439
(24, 8, 150, 1, (24,)): 0.04902445889160167
(24, 8, 150, 1, (26,)): 0.04955766551564154
(24, 8, 150, 2, (21, 23)): 0.05325856616873004
(24, 8, 150, 2, (21, 22)): 0.05595002989569382
(24, 8, 150, 2, (22, 24)): 0.05492207603311742
(24, 8, 200, 1, (21,)): 0.04692057947857138
(24, 8, 200, 1, (22,)): 0.05076870906060701
(24, 8, 200, 1, (23,)): 0.04914349772941525
(24, 8, 200, 1, (24,)): 0.04945520849807873
(24, 8, 200, 1, (26,)): 0.05144650179754846
(24, 8, 200, 2, (21, 23)): 0.04784164468173624
(24, 8, 200, 2, (21, 22)): 0.04665668460532614
(24, 8, 200, 2, (22, 24)): 0.04506845314537565
(24, 8, 250, 1, (21,)): 0.04756100129348303
(24, 8, 250, 1, (22,)): 0.050003917476510604
(24, 8, 250, 1, (23,)): 0.05236766547646012
(24, 8, 250, 1, (24,)): 0.05129067400143683
(24, 8, 250, 1, (26,)): 0.050898632134758
(24, 8, 250, 2, (21, 23)): 0.044180318726931414
(24, 8, 250, 2, (21, 22)): 0.04458148676031715
(24, 8, 250, 2, (22, 24)): 0.045147588029386995
(24, 8, 300, 1, (21,)): 0.049187306482473915
(24, 8, 300, 1, (22,)): 0.051454071957272494
(24, 8, 300, 1, (23,)): 0.05138138519752265
(24, 8, 300, 1, (24,)): 0.04893869177265578
(24, 8, 300, 1, (26,)): 0.05163875775893616
(24, 8, 300, 2, (21, 23)): 0.04450401759162428
(24, 8, 300, 2, (21, 22)): 0.04452819905795837
(24, 8, 300, 2, (22, 24)): 0.04412314354365702
(24, 16, 50, 1, (21,)): 0.10746996416900209
(24, 16, 50, 1, (22,)): 0.10123808355890906
(24, 16, 50, 1, (23,)): 0.06318489992454972
(24, 16, 50, 1, (24,)): 0.10152557098711641
(24, 16, 50, 1, (26,)): 0.0529655989072569
(24, 16, 50, 2, (21, 23)): 0.10789643485653251
(24, 16, 50, 2, (21, 22)): 0.09744290813761532
(24, 16, 50, 2, (22, 24)): 0.10268531999363795
(24, 16, 100, 1, (21,)): 0.06351342813150809
(24, 16, 100, 1, (22,)): 0.05073243291143229
(24, 16, 100, 1, (23,)): 0.1200736814497109
(24, 16, 100, 1, (24,)): 0.057228210163453544
(24, 16, 100, 1, (26,)): 0.04759351454131246
(24, 16, 100, 2, (21, 23)): 0.0933495089247464
(24, 16, 100, 2, (21, 22)): 0.10213310852322799
(24, 16, 100, 2, (22, 24)): 0.08466674764745012
(24, 16, 150, 1, (21,)): 0.06591972316094115
(24, 16, 150, 1, (22,)): 0.07404012416201443
(24, 16, 150, 1, (23,)): 0.05137822610663918
(24, 16, 150, 1, (24,)): 0.08148847750584831
(24, 16, 150, 1, (26,)): 0.06074226070747624
(24, 16, 150, 2, (21, 23)): 0.08011075404177895
(24, 16, 150, 2, (21, 22)): 0.08874920142707579
(24, 16, 150, 2, (22, 24)): 0.09182897894361794
(24, 16, 200, 1, (21,)): 0.048026792940546834
(24, 16, 200, 1, (22,)): 0.05127136998181905
(24, 16, 200, 1, (23,)): 0.05196492202504792
(24, 16, 200, 1, (24,)): 0.04688642390504509
(24, 16, 200, 1, (26,)): 0.04930427374047906
(24, 16, 200, 2, (21, 23)): 0.07606946193946143
(24, 16, 200, 2, (21, 22)): 0.06409122563362936
(24, 16, 200, 2, (22, 24)): 0.06197610111795189
(24, 16, 250, 1, (21,)): 0.050400824208688286
(24, 16, 250, 1, (22,)): 0.05121513636425014
(24, 16, 250, 1, (23,)): 0.05111516877442803
(24, 16, 250, 1, (24,)): 0.049740514560060164
(24, 16, 250, 1, (26,)): 0.04943679457981344
(24, 16, 250, 2, (21, 23)): 0.06136771266834494
(24, 16, 250, 2, (21, 22)): 0.04951149063407029
(24, 16, 250, 2, (22, 24)): 0.04954678590336185
(24, 16, 300, 1, (21,)): 0.05016323846101732
(24, 16, 300, 1, (22,)): 0.04668865300787582
(24, 16, 300, 1, (23,)): 0.06531670810023957
(24, 16, 300, 1, (24,)): 0.048477326406512214
(24, 16, 300, 1, (26,)): 0.051390027049787144
(24, 16, 300, 2, (21, 23)): 0.06992086131098588
(24, 16, 300, 2, (21, 22)): 0.05782746577749328
(24, 16, 300, 2, (22, 24)): 0.0611328828950624
(24, 32, 50, 1, (21,)): 0.0960101360386609
(24, 32, 50, 1, (22,)): 0.0583097142248298
(24, 32, 50, 1, (23,)): 0.11989538574073669
(24, 32, 50, 1, (24,)): 0.12146934555590212
(24, 32, 50, 1, (26,)): 0.10272824802469027
(24, 32, 50, 2, (21, 23)): 0.11255569914056252
(24, 32, 50, 2, (21, 22)): 0.1115309960659169
(24, 32, 50, 2, (22, 24)): 0.1135527047850704
(24, 32, 100, 1, (21,)): 0.08423460838522746
(24, 32, 100, 1, (22,)): 0.06404540928668465
(24, 32, 100, 1, (23,)): 0.10800065820757594
(24, 32, 100, 1, (24,)): 0.07459345164107115
(24, 32, 100, 1, (26,)): 0.06412556218181087
(24, 32, 100, 2, (21, 23)): 0.10837464884765405
(24, 32, 100, 2, (21, 22)): 0.10961031284359277
(24, 32, 100, 2, (22, 24)): 0.10038482558493318
(24, 32, 150, 1, (21,)): 0.07903344059503588
(24, 32, 150, 1, (22,)): 0.06304631418211203
(24, 32, 150, 1, (23,)): 0.08606903213817485
(24, 32, 150, 1, (24,)): 0.0752895322880903
(24, 32, 150, 1, (26,)): 0.06412151025669169
(24, 32, 150, 2, (21, 23)): 0.09372312665420972
(24, 32, 150, 2, (21, 22)): 0.10472563517635287
(24, 32, 150, 2, (22, 24)): 0.09653033360525666
(24, 32, 200, 1, (21,)): 0.06433897830946492
(24, 32, 200, 1, (22,)): 0.05001666001578202
(24, 32, 200, 1, (23,)): 0.05416284371201289
(24, 32, 200, 1, (24,)): 0.06916830084231351
(24, 32, 200, 1, (26,)): 0.056227199744208936
(24, 32, 200, 2, (21, 23)): 0.09227032385346794
(24, 32, 200, 2, (21, 22)): 0.08358719927990893
(24, 32, 200, 2, (22, 24)): 0.09406673306914033
(24, 32, 250, 1, (21,)): 0.05267750171924586
(24, 32, 250, 1, (22,)): 0.05347444799630494
(24, 32, 250, 1, (23,)): 0.053004947331575084
(24, 32, 250, 1, (24,)): 0.06020376995156026
(24, 32, 250, 1, (26,)): 0.047074434574651214
(24, 32, 250, 2, (21, 23)): 0.08315821114080338
(24, 32, 250, 2, (21, 22)): 0.09307332889425426
(24, 32, 250, 2, (22, 24)): 0.0908393340128669
(24, 32, 300, 1, (21,)): 0.0551757040011431
(24, 32, 300, 1, (22,)): 0.06557629032542808
(24, 32, 300, 1, (23,)): 0.050246025830553744
(24, 32, 300, 1, (24,)): 0.061018420200077306
(24, 32, 300, 1, (26,)): 0.06098518453173146
(24, 32, 300, 2, (21, 23)): 0.0830861704253559
(24, 32, 300, 2, (21, 22)): 0.07456311509382152
(24, 32, 300, 2, (22, 24)): 0.08627231729447321
(26, 3, 50, 1, (21,)): 0.0521846330513391
(26, 3, 50, 1, (22,)): 0.05083553479401839
(26, 3, 50, 1, (23,)): 0.04734857831799364
(26, 3, 50, 1, (24,)): 0.049856262753121064
(26, 3, 50, 1, (26,)): 0.05373962678806454
(26, 3, 50, 2, (21, 23)): 0.06249904696452544
(26, 3, 50, 2, (21, 22)): 0.06351147744555419
(26, 3, 50, 2, (22, 24)): 0.06804207746557982
(26, 3, 100, 1, (21,)): 0.04959288612357405
(26, 3, 100, 1, (22,)): 0.04713918345696139
(26, 3, 100, 1, (23,)): 0.04481685376033401
(26, 3, 100, 1, (24,)): 0.05435797545058109
(26, 3, 100, 1, (26,)): 0.050341342973527506
(26, 3, 100, 2, (21, 23)): 0.046008651331965175
(26, 3, 100, 2, (21, 22)): 0.04841800947366762
(26, 3, 100, 2, (22, 24)): 0.045708738321650025
(26, 3, 150, 1, (21,)): 0.05047568484690339
(26, 3, 150, 1, (22,)): 0.052786859454293164
(26, 3, 150, 1, (23,)): 0.05294147580455949
(26, 3, 150, 1, (24,)): 0.050491685120051255
(26, 3, 150, 1, (26,)): 0.05111279209685258
(26, 3, 150, 2, (21, 23)): 0.04480871995852566
(26, 3, 150, 2, (21, 22)): 0.043479804738178224
(26, 3, 150, 2, (22, 24)): 0.04581289113264354
(26, 3, 200, 1, (21,)): 0.05150288411429284
(26, 3, 200, 1, (22,)): 0.054689923169928226
(26, 3, 200, 1, (23,)): 0.0530721641695584
(26, 3, 200, 1, (24,)): 0.04855150810612742
(26, 3, 200, 1, (26,)): 0.05059878758089613
(26, 3, 200, 2, (21, 23)): 0.04421851964078101
(26, 3, 200, 2, (21, 22)): 0.04572289155392809
(26, 3, 200, 2, (22, 24)): 0.044561031072475235
(26, 3, 250, 1, (21,)): 0.05240839673355109
(26, 3, 250, 1, (22,)): 0.050152785517140995
(26, 3, 250, 1, (23,)): 0.04814423662378923
(26, 3, 250, 1, (24,)): 0.05251765270857641
(26, 3, 250, 1, (26,)): 0.05236062888237708
(26, 3, 250, 2, (21, 23)): 0.045433688383060694
(26, 3, 250, 2, (21, 22)): 0.043658190663220964
(26, 3, 250, 2, (22, 24)): 0.04542414550335934
(26, 3, 300, 1, (21,)): 0.05073305152803102
(26, 3, 300, 1, (22,)): 0.05419713101474162
(26, 3, 300, 1, (23,)): 0.053019986810529815
(26, 3, 300, 1, (24,)): 0.05599130205254678
(26, 3, 300, 1, (26,)): 0.050625799954686766
(26, 3, 300, 2, (21, 23)): 0.04748001151441344
(26, 3, 300, 2, (21, 22)): 0.0437060834249865
(26, 3, 300, 2, (22, 24)): 0.045641406410051745
(26, 5, 50, 1, (21,)): 0.046618263010503404
(26, 5, 50, 1, (22,)): 0.07848876527796374
(26, 5, 50, 1, (23,)): 0.07837988320280403
(26, 5, 50, 1, (24,)): 0.05704633533577883
(26, 5, 50, 1, (26,)): 0.047513549104799484
(26, 5, 50, 2, (21, 23)): 0.08732883581904945
(26, 5, 50, 2, (21, 22)): 0.07354801313988854
(26, 5, 50, 2, (22, 24)): 0.08053461223185909
(26, 5, 100, 1, (21,)): 0.045221966236306047
(26, 5, 100, 1, (22,)): 0.04695870157745758
(26, 5, 100, 1, (23,)): 0.048101755387602974
(26, 5, 100, 1, (24,)): 0.05224200719860952
(26, 5, 100, 1, (26,)): 0.050781682334595256
(26, 5, 100, 2, (21, 23)): 0.05178832938192437
(26, 5, 100, 2, (21, 22)): 0.052009733495269383
(26, 5, 100, 2, (22, 24)): 0.06674222376653242
(26, 5, 150, 1, (21,)): 0.04938110052718725
(26, 5, 150, 1, (22,)): 0.05061957000231575
(26, 5, 150, 1, (23,)): 0.051945769637902074
(26, 5, 150, 1, (24,)): 0.04802872607668869
(26, 5, 150, 1, (26,)): 0.051008466922698524
(26, 5, 150, 2, (21, 23)): 0.0459522699694732
(26, 5, 150, 2, (21, 22)): 0.04468081028106373
(26, 5, 150, 2, (22, 24)): 0.04547584643099234
(26, 5, 200, 1, (21,)): 0.04915403795235353
(26, 5, 200, 1, (22,)): 0.052802522559478614
(26, 5, 200, 1, (23,)): 0.05043136078909673
(26, 5, 200, 1, (24,)): 0.04883865960520438
(26, 5, 200, 1, (26,)): 0.05165370993587411
(26, 5, 200, 2, (21, 23)): 0.0439888979833178
(26, 5, 200, 2, (21, 22)): 0.044997004708884715
(26, 5, 200, 2, (22, 24)): 0.04334891385187904
(26, 5, 250, 1, (21,)): 0.05097534695838052
(26, 5, 250, 1, (22,)): 0.05211497011829336
(26, 5, 250, 1, (23,)): 0.04794201131407699
(26, 5, 250, 1, (24,)): 0.051728272783368986
(26, 5, 250, 1, (26,)): 0.05017311166527272
(26, 5, 250, 2, (21, 23)): 0.044779506382994064
(26, 5, 250, 2, (21, 22)): 0.045616400719195385
(26, 5, 250, 2, (22, 24)): 0.04453057247720827
(26, 5, 300, 1, (21,)): 0.0523233830134215
(26, 5, 300, 1, (22,)): 0.05105098122517091
(26, 5, 300, 1, (23,)): 0.05546076626679691
(26, 5, 300, 1, (24,)): 0.052924722770722
(26, 5, 300, 1, (26,)): 0.0488066805994134
(26, 5, 300, 2, (21, 23)): 0.04451815842221957
(26, 5, 300, 2, (21, 22)): 0.04454266881458604
(26, 5, 300, 2, (22, 24)): 0.04503723229432123
(26, 8, 50, 1, (21,)): 0.07170476613756846
(26, 8, 50, 1, (22,)): 0.07881196963789606
(26, 8, 50, 1, (23,)): 0.07274438332063163
(26, 8, 50, 1, (24,)): 0.06962417615662059
(26, 8, 50, 1, (26,)): 0.06305793045520607
(26, 8, 50, 2, (21, 23)): 0.10262771187734385
(26, 8, 50, 2, (21, 22)): 0.10103366134090033
(26, 8, 50, 2, (22, 24)): 0.09021249218394531
(26, 8, 100, 1, (21,)): 0.046935674215460306
(26, 8, 100, 1, (22,)): 0.052213448308937885
(26, 8, 100, 1, (23,)): 0.050920701986554615
(26, 8, 100, 1, (24,)): 0.05120931778818719
(26, 8, 100, 1, (26,)): 0.04807139441335095
(26, 8, 100, 2, (21, 23)): 0.0705172580225227
(26, 8, 100, 2, (21, 22)): 0.07128979169315033
(26, 8, 100, 2, (22, 24)): 0.06446589840528044
(26, 8, 150, 1, (21,)): 0.047398733634159695
(26, 8, 150, 1, (22,)): 0.04923028437649193
(26, 8, 150, 1, (23,)): 0.04793505873902004
(26, 8, 150, 1, (24,)): 0.04993316061364759
(26, 8, 150, 1, (26,)): 0.048604237259052455
(26, 8, 150, 2, (21, 23)): 0.06057128242349276
(26, 8, 150, 2, (21, 22)): 0.06354313180649947
(26, 8, 150, 2, (22, 24)): 0.06991201366559051
(26, 8, 200, 1, (21,)): 0.05039187572156365
(26, 8, 200, 1, (22,)): 0.04663556964195594
(26, 8, 200, 1, (23,)): 0.04879346277995811
(26, 8, 200, 1, (24,)): 0.04807578190687992
(26, 8, 200, 1, (26,)): 0.0523784886352742
(26, 8, 200, 2, (21, 23)): 0.04842272602588784
(26, 8, 200, 2, (21, 22)): 0.04857561397380464
(26, 8, 200, 2, (22, 24)): 0.04567401646537891
(26, 8, 250, 1, (21,)): 0.0521777002778596
(26, 8, 250, 1, (22,)): 0.04847271007116452
(26, 8, 250, 1, (23,)): 0.049598473960188336
(26, 8, 250, 1, (24,)): 0.04786695654559501
(26, 8, 250, 1, (26,)): 0.04888376922508837
(26, 8, 250, 2, (21, 23)): 0.04485195629199416
(26, 8, 250, 2, (21, 22)): 0.04382876438651854
(26, 8, 250, 2, (22, 24)): 0.04431791561111694
(26, 8, 300, 1, (21,)): 0.05514482963480102
(26, 8, 300, 1, (22,)): 0.05262493167391791
(26, 8, 300, 1, (23,)): 0.04903154527791313
(26, 8, 300, 1, (24,)): 0.05006260719393866
(26, 8, 300, 1, (26,)): 0.050977556529670155
(26, 8, 300, 2, (21, 23)): 0.044845170601301096
(26, 8, 300, 2, (21, 22)): 0.045514920576283154
(26, 8, 300, 2, (22, 24)): 0.044358025092112736
(26, 16, 50, 1, (21,)): 0.11062896988810562
(26, 16, 50, 1, (22,)): 0.0622648909422638
(26, 16, 50, 1, (23,)): 0.08936766635408422
(26, 16, 50, 1, (24,)): 0.07959917505541186
(26, 16, 50, 1, (26,)): 0.060540460376969085
(26, 16, 50, 2, (21, 23)): 0.10493371633216417
(26, 16, 50, 2, (21, 22)): 0.1097473892844083
(26, 16, 50, 2, (22, 24)): 0.10630120689345104
(26, 16, 100, 1, (21,)): 0.09216511938733217
(26, 16, 100, 1, (22,)): 0.06123580009886791
(26, 16, 100, 1, (23,)): 0.06031305255613799
(26, 16, 100, 1, (24,)): 0.07008490566435883
(26, 16, 100, 1, (26,)): 0.05485784022125269
(26, 16, 100, 2, (21, 23)): 0.0989386826465554
(26, 16, 100, 2, (21, 22)): 0.08655760202786457
(26, 16, 100, 2, (22, 24)): 0.0958343760564794
(26, 16, 150, 1, (21,)): 0.0669919680501108
(26, 16, 150, 1, (22,)): 0.05071196477597282
(26, 16, 150, 1, (23,)): 0.0682716831730761
(26, 16, 150, 1, (24,)): 0.0464247250294501
(26, 16, 150, 1, (26,)): 0.05981336251469395
(26, 16, 150, 2, (21, 23)): 0.0883782630433259
(26, 16, 150, 2, (21, 22)): 0.07762882477985378
(26, 16, 150, 2, (22, 24)): 0.09650756321279517
(26, 16, 200, 1, (21,)): 0.048395079524291465
(26, 16, 200, 1, (22,)): 0.056588695929825704
(26, 16, 200, 1, (23,)): 0.05040936812471051
(26, 16, 200, 1, (24,)): 0.05672809453979022
(26, 16, 200, 1, (26,)): 0.04941807765604879
(26, 16, 200, 2, (21, 23)): 0.07358690241407036
(26, 16, 200, 2, (21, 22)): 0.06071169107828287
(26, 16, 200, 2, (22, 24)): 0.06283361798101769
(26, 16, 250, 1, (21,)): 0.05010536180183476
(26, 16, 250, 1, (22,)): 0.04916037921209794
(26, 16, 250, 1, (23,)): 0.04763523625858082
(26, 16, 250, 1, (24,)): 0.05030882065802802
(26, 16, 250, 1, (26,)): 0.04876918005430006
(26, 16, 250, 2, (21, 23)): 0.04777389195960181
(26, 16, 250, 2, (21, 22)): 0.05952678856088907
(26, 16, 250, 2, (22, 24)): 0.0855411495434146
(26, 16, 300, 1, (21,)): 0.05225095529448438
(26, 16, 300, 1, (22,)): 0.04821216070039895
(26, 16, 300, 1, (23,)): 0.04978454384438482
(26, 16, 300, 1, (24,)): 0.0528669082635518
(26, 16, 300, 1, (26,)): 0.04944643758485011
(26, 16, 300, 2, (21, 23)): 0.05287903649640637
(26, 16, 300, 2, (21, 22)): 0.0584073887103884
(26, 16, 300, 2, (22, 24)): 0.0429744457170531
(26, 32, 50, 1, (21,)): 0.14818037715981194
(26, 32, 50, 1, (22,)): 0.1278394035993226
(26, 32, 50, 1, (23,)): 0.04831965149270057
(26, 32, 50, 1, (24,)): 0.0865980604107545
(26, 32, 50, 1, (26,)): 0.1055529368167947
(26, 32, 50, 2, (21, 23)): 0.10700894234807445
(26, 32, 50, 2, (21, 22)): 0.10664441321659934
(26, 32, 50, 2, (22, 24)): 0.1058454223619691
(26, 32, 100, 1, (21,)): 0.09908096056920494
(26, 32, 100, 1, (22,)): 0.08780345813461242
(26, 32, 100, 1, (23,)): 0.09014346253544983
(26, 32, 100, 1, (24,)): 0.0793221421460091
(26, 32, 100, 1, (26,)): 0.07820946604112848
(26, 32, 100, 2, (21, 23)): 0.10695651885406147
(26, 32, 100, 2, (21, 22)): 0.10991711912641908
(26, 32, 100, 2, (22, 24)): 0.11090004704797893
(26, 32, 150, 1, (21,)): 0.09555156573877259
(26, 32, 150, 1, (22,)): 0.06049331683408243
(26, 32, 150, 1, (23,)): 0.05598281948589793
(26, 32, 150, 1, (24,)): 0.07253033322012473
(26, 32, 150, 1, (26,)): 0.06892211261369122
(26, 32, 150, 2, (21, 23)): 0.09117482600371718
(26, 32, 150, 2, (21, 22)): 0.10040498724834472
(26, 32, 150, 2, (22, 24)): 0.10136120001929765
(26, 32, 200, 1, (21,)): 0.056558634022285406
(26, 32, 200, 1, (22,)): 0.08224211879549591
(26, 32, 200, 1, (23,)): 0.05365174754785307
(26, 32, 200, 1, (24,)): 0.07307005822016202
(26, 32, 200, 1, (26,)): 0.06065961721747085
(26, 32, 200, 2, (21, 23)): 0.07829083112173421
(26, 32, 200, 2, (21, 22)): 0.09284508448500614
(26, 32, 200, 2, (22, 24)): 0.09913370864012476
(26, 32, 250, 1, (21,)): 0.06686178239012264
(26, 32, 250, 1, (22,)): 0.04921979919483985
(26, 32, 250, 1, (23,)): 0.06120507793628217
(26, 32, 250, 1, (24,)): 0.046342805996127584
(26, 32, 250, 1, (26,)): 0.05624445977451069
(26, 32, 250, 2, (21, 23)): 0.092994654467997
(26, 32, 250, 2, (21, 22)): 0.09399893769624244
(26, 32, 250, 2, (22, 24)): 0.08479029698084102
(26, 32, 300, 1, (21,)): 0.05318809558987889
(26, 32, 300, 1, (22,)): 0.04348631230878452
(26, 32, 300, 1, (23,)): 0.062354646663261924
(26, 32, 300, 1, (24,)): 0.05200820339572414
(26, 32, 300, 1, (26,)): 0.058655208168996664
(26, 32, 300, 2, (21, 23)): 0.08598329189505509
(26, 32, 300, 2, (21, 22)): 0.08051123214280938
(26, 32, 300, 2, (22, 24)): 0.07576202311641515
