(21, 3, 50, 1, (21,)): 0.03610352162990686
(21, 3, 50, 1, (22,)): 0.03593803827032522
(21, 3, 50, 1, (23,)): 0.033475079481370934
(21, 3, 50, 2, (21, 23)): 0.047555415471547575
(21, 3, 50, 2, (21, 22)): 0.06439194372940717
(21, 3, 50, 2, (22, 24)): 0.05263797358858332
(21, 3, 50, 3, (21, 22, 23)): 0.0699909691579738
(21, 3, 50, 3, (21, 23, 26)): 0.07474743294911462
(21, 3, 100, 1, (21,)): 0.03330663506677188
(21, 3, 100, 1, (22,)): 0.03365865382324518
(21, 3, 100, 1, (23,)): 0.03446324492941814
(21, 3, 100, 2, (21, 23)): 0.03241919680456705
(21, 3, 100, 2, (21, 22)): 0.03325190450888524
(21, 3, 100, 2, (22, 24)): 0.041474985726602256
(21, 3, 100, 3, (21, 22, 23)): 0.04800220599293511
(21, 3, 100, 3, (21, 23, 26)): 0.037068848334661626
(21, 3, 150, 1, (21,)): 0.03314699795588446
(21, 3, 150, 1, (22,)): 0.03318770440095749
(21, 3, 150, 1, (23,)): 0.03389285125313994
(21, 3, 150, 2, (21, 23)): 0.032696193256535805
(21, 3, 150, 2, (21, 22)): 0.033130912885834723
(21, 3, 150, 2, (22, 24)): 0.032771115070288334
(21, 3, 150, 3, (21, 22, 23)): 0.03383653365540713
(21, 3, 150, 3, (21, 23, 26)): 0.031990021794720276
(21, 3, 200, 1, (21,)): 0.0329744576591998
(21, 3, 200, 1, (22,)): 0.0330332865486402
(21, 3, 200, 1, (23,)): 0.03254871827709404
(21, 3, 200, 2, (21, 23)): 0.032558504111487835
(21, 3, 200, 2, (21, 22)): 0.03243263341415926
(21, 3, 200, 2, (22, 24)): 0.032158914212943
(21, 3, 200, 3, (21, 22, 23)): 0.03199867567801355
(21, 3, 200, 3, (21, 23, 26)): 0.032009081368026875
(21, 3, 300, 1, (21,)): 0.03310042482356996
(21, 3, 300, 1, (22,)): 0.03222431454882745
(21, 3, 300, 1, (23,)): 0.03228194286296378
(21, 3, 300, 2, (21, 23)): 0.03155582729017242
(21, 3, 300, 2, (21, 22)): 0.032215909484225494
(21, 3, 300, 2, (22, 24)): 0.031719360067590435
(21, 3, 300, 3, (21, 22, 23)): 0.031712075066122315
(21, 3, 300, 3, (21, 23, 26)): 0.0317434521377924
(21, 3, 500, 1, (21,)): 0.03225971898106884
(21, 3, 500, 1, (22,)): 0.031121314032342858
(21, 3, 500, 1, (23,)): 0.03223680184713923
(21, 3, 500, 2, (21, 23)): 0.03146768069852516
(21, 3, 500, 2, (21, 22)): 0.031564373846908245
(21, 3, 500, 2, (22, 24)): 0.03166947481680297
(21, 3, 500, 3, (21, 22, 23)): 0.031227464855414073
(21, 3, 500, 3, (21, 23, 26)): 0.03182219124806298
(21, 3, 700, 1, (21,)): 0.030862129438716763
(21, 3, 700, 1, (22,)): 0.03094250960880578
(21, 3, 700, 1, (23,)): 0.03165000725005403
(21, 3, 700, 2, (21, 23)): 0.03125156349036221
(21, 3, 700, 2, (21, 22)): 0.030927430645558997
(21, 3, 700, 2, (22, 24)): 0.031260044638596114
(21, 3, 700, 3, (21, 22, 23)): 0.031810167224884126
(21, 3, 700, 3, (21, 23, 26)): 0.031236994362100732
(21, 5, 50, 1, (21,)): 0.0428901957318565
(21, 5, 50, 1, (22,)): 0.03911819601947258
(21, 5, 50, 1, (23,)): 0.04656037184075038
(21, 5, 50, 2, (21, 23)): 0.07375186058416992
(21, 5, 50, 2, (21, 22)): 0.07011802518081205
(21, 5, 50, 2, (22, 24)): 0.06951271618089506
(21, 5, 50, 3, (21, 22, 23)): 0.08350613182981383
(21, 5, 50, 3, (21, 23, 26)): 0.07774805171333216
(21, 5, 100, 1, (21,)): 0.033916032550839956
(21, 5, 100, 1, (22,)): 0.03379078971566443
(21, 5, 100, 1, (23,)): 0.03921763438067368
(21, 5, 100, 2, (21, 23)): 0.048752373215721886
(21, 5, 100, 2, (21, 22)): 0.04875748666177263
(21, 5, 100, 2, (22, 24)): 0.047276076119529595
(21, 5, 100, 3, (21, 22, 23)): 0.060519017416849605
(21, 5, 100, 3, (21, 23, 26)): 0.05357002562396022
(21, 5, 150, 1, (21,)): 0.03368731958255857
(21, 5, 150, 1, (22,)): 0.03672155450424196
(21, 5, 150, 1, (23,)): 0.031849552328898675
(21, 5, 150, 2, (21, 23)): 0.033377662336443764
(21, 5, 150, 2, (21, 22)): 0.04009977363841404
(21, 5, 150, 2, (22, 24)): 0.03537972509095663
(21, 5, 150, 3, (21, 22, 23)): 0.04861949407262415
(21, 5, 150, 3, (21, 23, 26)): 0.03653599666063601
(21, 5, 200, 1, (21,)): 0.03263731015838978
(21, 5, 200, 1, (22,)): 0.03306997114084202
(21, 5, 200, 1, (23,)): 0.03264892616665229
(21, 5, 200, 2, (21, 23)): 0.033652611882821516
(21, 5, 200, 2, (21, 22)): 0.032392514882816754
(21, 5, 200, 2, (22, 24)): 0.04417443560974711
(21, 5, 200, 3, (21, 22, 23)): 0.033054214962991414
(21, 5, 200, 3, (21, 23, 26)): 0.037116952045517924
(21, 5, 300, 1, (21,)): 0.032931687676427124
(21, 5, 300, 1, (22,)): 0.03161940292286028
(21, 5, 300, 1, (23,)): 0.03316305877089624
(21, 5, 300, 2, (21, 23)): 0.0317136507906934
(21, 5, 300, 2, (21, 22)): 0.03200688737330479
(21, 5, 300, 2, (22, 24)): 0.03316614332578698
(21, 5, 300, 3, (21, 22, 23)): 0.034882497953325466
(21, 5, 300, 3, (21, 23, 26)): 0.0322339364223148
(21, 5, 500, 1, (21,)): 0.031999263145775704
(21, 5, 500, 1, (22,)): 0.033042516640601795
(21, 5, 500, 1, (23,)): 0.03174524696308124
(21, 5, 500, 2, (21, 23)): 0.03192579242967458
(21, 5, 500, 2, (21, 22)): 0.03197934398256423
(21, 5, 500, 2, (22, 24)): 0.03191486998493889
(21, 5, 500, 3, (21, 22, 23)): 0.03184081313733073
(21, 5, 500, 3, (21, 23, 26)): 0.03185210004559664
(21, 5, 700, 1, (21,)): 0.03289196273583771
(21, 5, 700, 1, (22,)): 0.031645056034695467
(21, 5, 700, 1, (23,)): 0.03272447222573069
(21, 5, 700, 2, (21, 23)): 0.031521532507831136
(21, 5, 700, 2, (21, 22)): 0.031525157882365325
(21, 5, 700, 2, (22, 24)): 0.031544624590873344
(21, 5, 700, 3, (21, 22, 23)): 0.03167427895575031
(21, 5, 700, 3, (21, 23, 26)): 0.03149298320559525
(21, 8, 50, 1, (21,)): 0.04980685398021288
(21, 8, 50, 1, (22,)): 0.06672700327013624
(21, 8, 50, 1, (23,)): 0.048145651610498476
(21, 8, 50, 2, (21, 23)): 0.07828409852870018
(21, 8, 50, 2, (21, 22)): 0.08246705035803886
(21, 8, 50, 2, (22, 24)): 0.07551278381619737
(21, 8, 50, 3, (21, 22, 23)): 0.08409905843323838
(21, 8, 50, 3, (21, 23, 26)): 0.08599839962773038
(21, 8, 100, 1, (21,)): 0.03931557357213829
(21, 8, 100, 1, (22,)): 0.07484587655690893
(21, 8, 100, 1, (23,)): 0.04688105446198098
(21, 8, 100, 2, (21, 23)): 0.07280345361092068
(21, 8, 100, 2, (21, 22)): 0.06563110165036606
(21, 8, 100, 2, (22, 24)): 0.05581600896630863
(21, 8, 100, 3, (21, 22, 23)): 0.07882574612164527
(21, 8, 100, 3, (21, 23, 26)): 0.07386056385313049
(21, 8, 150, 1, (21,)): 0.03438586213923917
(21, 8, 150, 1, (22,)): 0.0354667550265252
(21, 8, 150, 1, (23,)): 0.0376122645206384
(21, 8, 150, 2, (21, 23)): 0.05091049459606094
(21, 8, 150, 2, (21, 22)): 0.05038465473065663
(21, 8, 150, 2, (22, 24)): 0.03840233846360756
(21, 8, 150, 3, (21, 22, 23)): 0.06370150403495836
(21, 8, 150, 3, (21, 23, 26)): 0.06072382846449961
(21, 8, 200, 1, (21,)): 0.03342719326050669
(21, 8, 200, 1, (22,)): 0.033391973530509246
(21, 8, 200, 1, (23,)): 0.03435901943782914
(21, 8, 200, 2, (21, 23)): 0.03608243550451292
(21, 8, 200, 2, (21, 22)): 0.03678345141335768
(21, 8, 200, 2, (22, 24)): 0.034519113501310934
(21, 8, 200, 3, (21, 22, 23)): 0.040987352163861776
(21, 8, 200, 3, (21, 23, 26)): 0.0414565620179067
(21, 8, 300, 1, (21,)): 0.03347581399564851
(21, 8, 300, 1, (22,)): 0.03154329982822918
(21, 8, 300, 1, (23,)): 0.03192956364262957
(21, 8, 300, 2, (21, 23)): 0.03274034892211162
(21, 8, 300, 2, (21, 22)): 0.032891288098578476
(21, 8, 300, 2, (22, 24)): 0.032546429705585175
(21, 8, 300, 3, (21, 22, 23)): 0.03590345093784777
(21, 8, 300, 3, (21, 23, 26)): 0.032408229553757675
(21, 8, 500, 1, (21,)): 0.03240091242358692
(21, 8, 500, 1, (22,)): 0.03325474036836892
(21, 8, 500, 1, (23,)): 0.03162819645968092
(21, 8, 500, 2, (21, 23)): 0.032259907032851365
(21, 8, 500, 2, (21, 22)): 0.03207659371342133
(21, 8, 500, 2, (22, 24)): 0.03244335611732584
(21, 8, 500, 3, (21, 22, 23)): 0.031813016323597385
(21, 8, 500, 3, (21, 23, 26)): 0.03179480023241925
(21, 8, 700, 1, (21,)): 0.032204981131570734
(21, 8, 700, 1, (22,)): 0.032050045522406624
(21, 8, 700, 1, (23,)): 0.03126745037756202
(21, 8, 700, 2, (21, 23)): 0.03162179702033028
(21, 8, 700, 2, (21, 22)): 0.03165670500102024
(21, 8, 700, 2, (22, 24)): 0.03176812655185301
(21, 8, 700, 3, (21, 22, 23)): 0.031686480049475454
(21, 8, 700, 3, (21, 23, 26)): 0.03212236236063521
(21, 16, 50, 1, (21,)): 0.04979475384334863
(21, 16, 50, 1, (22,)): 0.08647713778244079
(21, 16, 50, 1, (23,)): 0.054475274117335
(21, 16, 50, 2, (21, 23)): 0.08762466796549301
(21, 16, 50, 2, (21, 22)): 0.0860826624607733
(21, 16, 50, 2, (22, 24)): 0.08703427661183792
(21, 16, 50, 3, (21, 22, 23)): 0.09075593646646829
(21, 16, 50, 3, (21, 23, 26)): 0.09256019969110801
(21, 16, 100, 1, (21,)): 0.0670828343641444
(21, 16, 100, 1, (22,)): 0.09268083970347435
(21, 16, 100, 1, (23,)): 0.06962600691016797
(21, 16, 100, 2, (21, 23)): 0.08034353320587061
(21, 16, 100, 2, (21, 22)): 0.08056644265992603
(21, 16, 100, 2, (22, 24)): 0.08256233655269048
(21, 16, 100, 3, (21, 22, 23)): 0.08177414935994852
(21, 16, 100, 3, (21, 23, 26)): 0.08394294372735661
(21, 16, 150, 1, (21,)): 0.05044118573514402
(21, 16, 150, 1, (22,)): 0.03603278727651335
(21, 16, 150, 1, (23,)): 0.04883117736677991
(21, 16, 150, 2, (21, 23)): 0.06353296887671592
(21, 16, 150, 2, (21, 22)): 0.06858360338133544
(21, 16, 150, 2, (22, 24)): 0.06322592077875354
(21, 16, 150, 3, (21, 22, 23)): 0.08578938270223231
(21, 16, 150, 3, (21, 23, 26)): 0.07806133106564503
(21, 16, 200, 1, (21,)): 0.03684225766936232
(21, 16, 200, 1, (22,)): 0.04033491149989428
(21, 16, 200, 1, (23,)): 0.040292418954501544
(21, 16, 200, 2, (21, 23)): 0.06445566884439126
(21, 16, 200, 2, (21, 22)): 0.06351100376311429
(21, 16, 200, 2, (22, 24)): 0.07090302398174174
(21, 16, 200, 3, (21, 22, 23)): 0.07168511802012828
(21, 16, 200, 3, (21, 23, 26)): 0.07150606267085509
(21, 16, 300, 1, (21,)): 0.03189511827697664
(21, 16, 300, 1, (22,)): 0.0333715875491445
(21, 16, 300, 1, (23,)): 0.03389766392596516
(21, 16, 300, 2, (21, 23)): 0.04218618024010083
(21, 16, 300, 2, (21, 22)): 0.045672128157958874
(21, 16, 300, 2, (22, 24)): 0.054705548366965874
(21, 16, 300, 3, (21, 22, 23)): 0.057692742830938164
(21, 16, 300, 3, (21, 23, 26)): 0.054811748365652765
(21, 16, 500, 1, (21,)): 0.033449503922965244
(21, 16, 500, 1, (22,)): 0.03307484239813507
(21, 16, 500, 1, (23,)): 0.032603285984978844
(21, 16, 500, 2, (21, 23)): 0.03318484780096083
(21, 16, 500, 2, (21, 22)): 0.03593225209985185
(21, 16, 500, 2, (22, 24)): 0.0325712531518376
(21, 16, 500, 3, (21, 22, 23)): 0.033716402990008824
(21, 16, 500, 3, (21, 23, 26)): 0.03321387912197798
(21, 16, 700, 1, (21,)): 0.03221206596592036
(21, 16, 700, 1, (22,)): 0.03283954703303378
(21, 16, 700, 1, (23,)): 0.032353953309176856
(21, 16, 700, 2, (21, 23)): 0.032411823090919875
(21, 16, 700, 2, (21, 22)): 0.032317046915793006
(21, 16, 700, 2, (22, 24)): 0.03208916406707824
(21, 16, 700, 3, (21, 22, 23)): 0.03267950263313333
(21, 16, 700, 3, (21, 23, 26)): 0.03269294398995744
(21, 32, 50, 1, (21,)): 0.09337564628244885
(21, 32, 50, 1, (22,)): 0.0552112132257914
(21, 32, 50, 1, (23,)): 0.03679380305130546
(21, 32, 50, 2, (21, 23)): 0.09481316873721678
(21, 32, 50, 2, (21, 22)): 0.09351327241783039
(21, 32, 50, 2, (22, 24)): 0.09219131870868247
(21, 32, 50, 3, (21, 22, 23)): 0.09072889843563009
(21, 32, 50, 3, (21, 23, 26)): 0.09060268638013855
(21, 32, 100, 1, (21,)): 0.0678708001792239
(21, 32, 100, 1, (22,)): 0.10913518095001581
(21, 32, 100, 1, (23,)): 0.051710995003273155
(21, 32, 100, 2, (21, 23)): 0.08857955939533142
(21, 32, 100, 2, (21, 22)): 0.08555639492623725
(21, 32, 100, 2, (22, 24)): 0.08252265761660701
(21, 32, 100, 3, (21, 22, 23)): 0.09049332457494698
(21, 32, 100, 3, (21, 23, 26)): 0.08970516617387529
(21, 32, 150, 1, (21,)): 0.051843661209734236
(21, 32, 150, 1, (22,)): 0.05187351577955712
(21, 32, 150, 1, (23,)): 0.09019210813951224
(21, 32, 150, 2, (21, 23)): 0.08268221092817744
(21, 32, 150, 2, (21, 22)): 0.07955133768515459
(21, 32, 150, 2, (22, 24)): 0.08271762211244932
(21, 32, 150, 3, (21, 22, 23)): 0.08701181411047984
(21, 32, 150, 3, (21, 23, 26)): 0.08627654331305602
(21, 32, 200, 1, (21,)): 0.03729202932431541
(21, 32, 200, 1, (22,)): 0.035727530686606127
(21, 32, 200, 1, (23,)): 0.059127742666987164
(21, 32, 200, 2, (21, 23)): 0.07484593072681403
(21, 32, 200, 2, (21, 22)): 0.07833227669265583
(21, 32, 200, 2, (22, 24)): 0.07492469986500004
(21, 32, 200, 3, (21, 22, 23)): 0.08521432239337669
(21, 32, 200, 3, (21, 23, 26)): 0.08145183605054698
(21, 32, 300, 1, (21,)): 0.04104631012061181
(21, 32, 300, 1, (22,)): 0.040574578501010504
(21, 32, 300, 1, (23,)): 0.0414335023791725
(21, 32, 300, 2, (21, 23)): 0.06769170215888874
(21, 32, 300, 2, (21, 22)): 0.08000764121021973
(21, 32, 300, 2, (22, 24)): 0.06680845516803086
(21, 32, 300, 3, (21, 22, 23)): 0.08493076632842608
(21, 32, 300, 3, (21, 23, 26)): 0.07896426524924746
(21, 32, 500, 1, (21,)): 0.03548794332014816
(21, 32, 500, 1, (22,)): 0.034164588643477066
(21, 32, 500, 1, (23,)): 0.04115024043194647
(21, 32, 500, 2, (21, 23)): 0.06020494673239649
(21, 32, 500, 2, (21, 22)): 0.05357240289031839
(21, 32, 500, 2, (22, 24)): 0.04488870686266274
(21, 32, 500, 3, (21, 22, 23)): 0.06363162278514625
(21, 32, 500, 3, (21, 23, 26)): 0.07008873779595982
(21, 32, 700, 1, (21,)): 0.03346299977720882
(21, 32, 700, 1, (22,)): 0.03209518798915769
(21, 32, 700, 1, (23,)): 0.03484366108713967
(21, 32, 700, 2, (21, 23)): 0.03455076072467555
(21, 32, 700, 2, (21, 22)): 0.03791596079964684
(21, 32, 700, 2, (22, 24)): 0.0370582248271786
(21, 32, 700, 3, (21, 22, 23)): 0.04678543061656728
(21, 32, 700, 3, (21, 23, 26)): 0.04383446993330669
(22, 3, 50, 1, (21,)): 0.03374774214977059
(22, 3, 50, 1, (22,)): 0.03465522812380698
(22, 3, 50, 1, (23,)): 0.04008024137480153
(22, 3, 50, 2, (21, 23)): 0.06573067041185025
(22, 3, 50, 2, (21, 22)): 0.051934194898382614
(22, 3, 50, 2, (22, 24)): 0.07322772149147781
(22, 3, 50, 3, (21, 22, 23)): 0.06476599015332617
(22, 3, 50, 3, (21, 23, 26)): 0.07436498320802386
(22, 3, 100, 1, (21,)): 0.03229779986117685
(22, 3, 100, 1, (22,)): 0.0324256392600171
(22, 3, 100, 1, (23,)): 0.03509715822143887
(22, 3, 100, 2, (21, 23)): 0.036016120775508885
(22, 3, 100, 2, (21, 22)): 0.034933207989526024
(22, 3, 100, 2, (22, 24)): 0.03770398327405933
(22, 3, 100, 3, (21, 22, 23)): 0.033470762615744484
(22, 3, 100, 3, (21, 23, 26)): 0.03452558111003104
(22, 3, 150, 1, (21,)): 0.0329377990938497
(22, 3, 150, 1, (22,)): 0.033414899339422974
(22, 3, 150, 1, (23,)): 0.03113859436419829
(22, 3, 150, 2, (21, 23)): 0.03295204162339239
(22, 3, 150, 2, (21, 22)): 0.03280740673403319
(22, 3, 150, 2, (22, 24)): 0.03163913954439531
(22, 3, 150, 3, (21, 22, 23)): 0.03720366488156434
(22, 3, 150, 3, (21, 23, 26)): 0.032429007968638394
(22, 3, 200, 1, (21,)): 0.032566026971359754
(22, 3, 200, 1, (22,)): 0.031945155652389506
(22, 3, 200, 1, (23,)): 0.032896074315803506
(22, 3, 200, 2, (21, 23)): 0.0325401243180335
(22, 3, 200, 2, (21, 22)): 0.031902697403510025
(22, 3, 200, 2, (22, 24)): 0.031998921130029966
(22, 3, 200, 3, (21, 22, 23)): 0.032654622116926726
(22, 3, 200, 3, (21, 23, 26)): 0.03216719600108923
(22, 3, 300, 1, (21,)): 0.03416924664045586
(22, 3, 300, 1, (22,)): 0.03210369117150542
(22, 3, 300, 1, (23,)): 0.031868501819351275
(22, 3, 300, 2, (21, 23)): 0.031723065398580635
(22, 3, 300, 2, (21, 22)): 0.03188416315384184
(22, 3, 300, 2, (22, 24)): 0.0316807285470702
(22, 3, 300, 3, (21, 22, 23)): 0.03189122693577609
(22, 3, 300, 3, (21, 23, 26)): 0.031730285739134466
(22, 3, 500, 1, (21,)): 0.03193858119490122
(22, 3, 500, 1, (22,)): 0.031404712419294246
(22, 3, 500, 1, (23,)): 0.03205165722741364
(22, 3, 500, 2, (21, 23)): 0.0316455977008654
(22, 3, 500, 2, (21, 22)): 0.03152264366292714
(22, 3, 500, 2, (22, 24)): 0.03153234322393154
(22, 3, 500, 3, (21, 22, 23)): 0.03160815633961742
(22, 3, 500, 3, (21, 23, 26)): 0.031849801465609215
(22, 3, 700, 1, (21,)): 0.03145460283692486
(22, 3, 700, 1, (22,)): 0.03205227208603033
(22, 3, 700, 1, (23,)): 0.032098978650218504
(22, 3, 700, 2, (21, 23)): 0.031666262131270384
(22, 3, 700, 2, (21, 22)): 0.031529168853056344
(22, 3, 700, 2, (22, 24)): 0.03149702104979948
(22, 3, 700, 3, (21, 22, 23)): 0.03171348663057207
(22, 3, 700, 3, (21, 23, 26)): 0.03162878286997385
(22, 5, 50, 1, (21,)): 0.04971904014448683
(22, 5, 50, 1, (22,)): 0.042731894853669704
(22, 5, 50, 1, (23,)): 0.04060116664699055
(22, 5, 50, 2, (21, 23)): 0.07126469380295726
(22, 5, 50, 2, (21, 22)): 0.07247568247372639
(22, 5, 50, 2, (22, 24)): 0.07683983241315041
(22, 5, 50, 3, (21, 22, 23)): 0.08131038506531836
(22, 5, 50, 3, (21, 23, 26)): 0.0846152154159827
(22, 5, 100, 1, (21,)): 0.03359287901318353
(22, 5, 100, 1, (22,)): 0.03354899580226614
(22, 5, 100, 1, (23,)): 0.03528596843306752
(22, 5, 100, 2, (21, 23)): 0.03498591711944648
(22, 5, 100, 2, (21, 22)): 0.0555592740835888
(22, 5, 100, 2, (22, 24)): 0.056001111691607965
(22, 5, 100, 3, (21, 22, 23)): 0.04984249530872035
(22, 5, 100, 3, (21, 23, 26)): 0.05029458142381892
(22, 5, 150, 1, (21,)): 0.033130965336908944
(22, 5, 150, 1, (22,)): 0.0330700945631092
(22, 5, 150, 1, (23,)): 0.03489058231033774
(22, 5, 150, 2, (21, 23)): 0.03395345908979205
(22, 5, 150, 2, (21, 22)): 0.033405417802253624
(22, 5, 150, 2, (22, 24)): 0.03568641254645252
(22, 5, 150, 3, (21, 22, 23)): 0.03907631651256787
(22, 5, 150, 3, (21, 23, 26)): 0.03788779775212373
(22, 5, 200, 1, (21,)): 0.030514832392681174
(22, 5, 200, 1, (22,)): 0.03423914557136544
(22, 5, 200, 1, (23,)): 0.03420630911470422
(22, 5, 200, 2, (21, 23)): 0.03317472460805019
(22, 5, 200, 2, (21, 22)): 0.03221331313721255
(22, 5, 200, 2, (22, 24)): 0.03268785585992718
(22, 5, 200, 3, (21, 22, 23)): 0.033773610697111364
(22, 5, 200, 3, (21, 23, 26)): 0.034147707009244535
(22, 5, 300, 1, (21,)): 0.03289424671188788
(22, 5, 300, 1, (22,)): 0.0315726254613873
(22, 5, 300, 1, (23,)): 0.034231558384510655
(22, 5, 300, 2, (21, 23)): 0.03254426014777398
(22, 5, 300, 2, (21, 22)): 0.032240809396306976
(22, 5, 300, 2, (22, 24)): 0.031716283019948874
(22, 5, 300, 3, (21, 22, 23)): 0.03242179853417173
(22, 5, 300, 3, (21, 23, 26)): 0.03199659963833537
(22, 5, 500, 1, (21,)): 0.032506389560437686
(22, 5, 500, 1, (22,)): 0.03336393127372771
(22, 5, 500, 1, (23,)): 0.032216061022413055
(22, 5, 500, 2, (21, 23)): 0.031440569215638765
(22, 5, 500, 2, (21, 22)): 0.03239521262161477
(22, 5, 500, 2, (22, 24)): 0.031681503623442624
(22, 5, 500, 3, (21, 22, 23)): 0.031725065693766055
(22, 5, 500, 3, (21, 23, 26)): 0.03167776416357485
(22, 5, 700, 1, (21,)): 0.0319849646108404
(22, 5, 700, 1, (22,)): 0.03156729850836654
(22, 5, 700, 1, (23,)): 0.032152074003897066
(22, 5, 700, 2, (21, 23)): 0.03138144488846969
(22, 5, 700, 2, (21, 22)): 0.03137431221778295
(22, 5, 700, 2, (22, 24)): 0.030882238928778425
(22, 5, 700, 3, (21, 22, 23)): 0.03162004750805922
(22, 5, 700, 3, (21, 23, 26)): 0.03152638447765843
(22, 8, 50, 1, (21,)): 0.05335011129041497
(22, 8, 50, 1, (22,)): 0.07143431809546352
(22, 8, 50, 1, (23,)): 0.07739134358661344
(22, 8, 50, 2, (21, 23)): 0.08261788655099608
(22, 8, 50, 2, (21, 22)): 0.08080909335622927
(22, 8, 50, 2, (22, 24)): 0.07291133067325019
(22, 8, 50, 3, (21, 22, 23)): 0.08404406692078265
(22, 8, 50, 3, (21, 23, 26)): 0.08730906431449266
(22, 8, 100, 1, (21,)): 0.03550594647432798
(22, 8, 100, 1, (22,)): 0.0347203033177699
(22, 8, 100, 1, (23,)): 0.03606304379538577
(22, 8, 100, 2, (21, 23)): 0.05375438400016315
(22, 8, 100, 2, (21, 22)): 0.0661538723651136
(22, 8, 100, 2, (22, 24)): 0.05957815750968077
(22, 8, 100, 3, (21, 22, 23)): 0.07134167285916694
(22, 8, 100, 3, (21, 23, 26)): 0.06409292181442464
(22, 8, 150, 1, (21,)): 0.03308619229914576
(22, 8, 150, 1, (22,)): 0.036182878296147976
(22, 8, 150, 1, (23,)): 0.03636987913776491
(22, 8, 150, 2, (21, 23)): 0.06358519977520195
(22, 8, 150, 2, (21, 22)): 0.04616239445198202
(22, 8, 150, 2, (22, 24)): 0.0540875829547121
(22, 8, 150, 3, (21, 22, 23)): 0.05855854446030559
(22, 8, 150, 3, (21, 23, 26)): 0.06654798816854568
(22, 8, 200, 1, (21,)): 0.03296169956775375
(22, 8, 200, 1, (22,)): 0.03380882377060689
(22, 8, 200, 1, (23,)): 0.03211766874817338
(22, 8, 200, 2, (21, 23)): 0.0347104550801782
(22, 8, 200, 2, (21, 22)): 0.03848491669012459
(22, 8, 200, 2, (22, 24)): 0.03880814129303131
(22, 8, 200, 3, (21, 22, 23)): 0.043819583833691826
(22, 8, 200, 3, (21, 23, 26)): 0.0443432367791723
(22, 8, 300, 1, (21,)): 0.03230066759227276
(22, 8, 300, 1, (22,)): 0.03372631420097829
(22, 8, 300, 1, (23,)): 0.03269130137389423
(22, 8, 300, 2, (21, 23)): 0.03192247010835443
(22, 8, 300, 2, (21, 22)): 0.03202669181990973
(22, 8, 300, 2, (22, 24)): 0.03262282835534078
(22, 8, 300, 3, (21, 22, 23)): 0.033293498062620365
(22, 8, 300, 3, (21, 23, 26)): 0.04420954291958267
(22, 8, 500, 1, (21,)): 0.03218685744169949
(22, 8, 500, 1, (22,)): 0.0316761400930922
(22, 8, 500, 1, (23,)): 0.03268145498913272
(22, 8, 500, 2, (21, 23)): 0.03239989617908801
(22, 8, 500, 2, (21, 22)): 0.03200191637923905
(22, 8, 500, 2, (22, 24)): 0.03273639250112192
(22, 8, 500, 3, (21, 22, 23)): 0.03201534158453956
(22, 8, 500, 3, (21, 23, 26)): 0.032240217101923006
(22, 8, 700, 1, (21,)): 0.03284702893015587
(22, 8, 700, 1, (22,)): 0.031625038501525454
(22, 8, 700, 1, (23,)): 0.033637032726142706
(22, 8, 700, 2, (21, 23)): 0.0315370938178816
(22, 8, 700, 2, (21, 22)): 0.03217461683182545
(22, 8, 700, 2, (22, 24)): 0.03153557016263284
(22, 8, 700, 3, (21, 22, 23)): 0.03208555335575976
(22, 8, 700, 3, (21, 23, 26)): 0.031582983130730644
(22, 16, 50, 1, (21,)): 0.040543148025104815
(22, 16, 50, 1, (22,)): 0.07555341044108722
(22, 16, 50, 1, (23,)): 0.048608286627033516
(22, 16, 50, 2, (21, 23)): 0.0899795281225753
(22, 16, 50, 2, (21, 22)): 0.0879024058421646
(22, 16, 50, 2, (22, 24)): 0.08340837861207125
(22, 16, 50, 3, (21, 22, 23)): 0.08985615105617815
(22, 16, 50, 3, (21, 23, 26)): 0.08902101978077835
(22, 16, 100, 1, (21,)): 0.07315766159220084
(22, 16, 100, 1, (22,)): 0.06172892456028305
(22, 16, 100, 1, (23,)): 0.054080477549928695
(22, 16, 100, 2, (21, 23)): 0.07874816699669057
(22, 16, 100, 2, (21, 22)): 0.07996161802487681
(22, 16, 100, 2, (22, 24)): 0.07852155921927548
(22, 16, 100, 3, (21, 22, 23)): 0.08520587762911978
(22, 16, 100, 3, (21, 23, 26)): 0.08526611876285853
(22, 16, 150, 1, (21,)): 0.0515408546616116
(22, 16, 150, 1, (22,)): 0.04008593574296507
(22, 16, 150, 1, (23,)): 0.07051258036890246
(22, 16, 150, 2, (21, 23)): 0.05894295822235074
(22, 16, 150, 2, (21, 22)): 0.07239762931218309
(22, 16, 150, 2, (22, 24)): 0.06271397210773443
(22, 16, 150, 3, (21, 22, 23)): 0.07760870095238961
(22, 16, 150, 3, (21, 23, 26)): 0.0818454579298562
(22, 16, 200, 1, (21,)): 0.07012448178663641
(22, 16, 200, 1, (22,)): 0.03236456428146025
(22, 16, 200, 1, (23,)): 0.03572540757329516
(22, 16, 200, 2, (21, 23)): 0.05552287197440096
(22, 16, 200, 2, (21, 22)): 0.06406995133604082
(22, 16, 200, 2, (22, 24)): 0.05963385169832989
(22, 16, 200, 3, (21, 22, 23)): 0.0814526969480761
(22, 16, 200, 3, (21, 23, 26)): 0.07332068119169173
(22, 16, 300, 1, (21,)): 0.033516413235403934
(22, 16, 300, 1, (22,)): 0.03719003313612388
(22, 16, 300, 1, (23,)): 0.033133012614199445
(22, 16, 300, 2, (21, 23)): 0.0466127421606427
(22, 16, 300, 2, (21, 22)): 0.06004567948863275
(22, 16, 300, 2, (22, 24)): 0.05605627550002314
(22, 16, 300, 3, (21, 22, 23)): 0.0726745442480985
(22, 16, 300, 3, (21, 23, 26)): 0.06234334687073415
(22, 16, 500, 1, (21,)): 0.03389440640142402
(22, 16, 500, 1, (22,)): 0.03320014220376878
(22, 16, 500, 1, (23,)): 0.033199148509876104
(22, 16, 500, 2, (21, 23)): 0.033998471474321425
(22, 16, 500, 2, (21, 22)): 0.03258514891104228
(22, 16, 500, 2, (22, 24)): 0.033539832769739555
(22, 16, 500, 3, (21, 22, 23)): 0.058475531483854475
(22, 16, 500, 3, (21, 23, 26)): 0.032514469829700125
(22, 16, 700, 1, (21,)): 0.03285493575613084
(22, 16, 700, 1, (22,)): 0.03159397893344358
(22, 16, 700, 1, (23,)): 0.033210647816839516
(22, 16, 700, 2, (21, 23)): 0.03243887024497202
(22, 16, 700, 2, (21, 22)): 0.032609818780086536
(22, 16, 700, 2, (22, 24)): 0.032480279489662776
(22, 16, 700, 3, (21, 22, 23)): 0.032126653804992314
(22, 16, 700, 3, (21, 23, 26)): 0.03212041963519782
(22, 32, 50, 1, (21,)): 0.07682176557948864
(22, 32, 50, 1, (22,)): 0.0965707127626747
(22, 32, 50, 1, (23,)): 0.08899177942605889
(22, 32, 50, 2, (21, 23)): 0.09302699841798878
(22, 32, 50, 2, (21, 22)): 0.09124875601964774
(22, 32, 50, 2, (22, 24)): 0.08985174352037342
(22, 32, 50, 3, (21, 22, 23)): 0.09058392564081946
(22, 32, 50, 3, (21, 23, 26)): 0.09198029924444086
(22, 32, 100, 1, (21,)): 0.0808762482977093
(22, 32, 100, 1, (22,)): 0.08233657937699256
(22, 32, 100, 1, (23,)): 0.06510943671942696
(22, 32, 100, 2, (21, 23)): 0.08533722888818616
(22, 32, 100, 2, (21, 22)): 0.08200090793485136
(22, 32, 100, 2, (22, 24)): 0.08667826790516538
(22, 32, 100, 3, (21, 22, 23)): 0.09016895176314563
(22, 32, 100, 3, (21, 23, 26)): 0.08871257098109088
(22, 32, 150, 1, (21,)): 0.05509542002189245
(22, 32, 150, 1, (22,)): 0.07637923866265123
(22, 32, 150, 1, (23,)): 0.06592215455056587
(22, 32, 150, 2, (21, 23)): 0.07978148085856376
(22, 32, 150, 2, (21, 22)): 0.08475928318900859
(22, 32, 150, 2, (22, 24)): 0.08366975413259682
(22, 32, 150, 3, (21, 22, 23)): 0.0851312336085214
(22, 32, 150, 3, (21, 23, 26)): 0.0866362867567681
(22, 32, 200, 1, (21,)): 0.054647978601190576
(22, 32, 200, 1, (22,)): 0.05305142632300763
(22, 32, 200, 1, (23,)): 0.04683339276973108
(22, 32, 200, 2, (21, 23)): 0.08436478324556057
(22, 32, 200, 2, (21, 22)): 0.07769555371909577
(22, 32, 200, 2, (22, 24)): 0.07325100210841312
(22, 32, 200, 3, (21, 22, 23)): 0.08180471058177816
(22, 32, 200, 3, (21, 23, 26)): 0.08271830261114975
(22, 32, 300, 1, (21,)): 0.04897917305185742
(22, 32, 300, 1, (22,)): 0.06334235437965852
(22, 32, 300, 1, (23,)): 0.04119829244531984
(22, 32, 300, 2, (21, 23)): 0.07765856755762011
(22, 32, 300, 2, (21, 22)): 0.0822028065285896
(22, 32, 300, 2, (22, 24)): 0.0741154318985018
(22, 32, 300, 3, (21, 22, 23)): 0.07730440830910854
(22, 32, 300, 3, (21, 23, 26)): 0.08051234243839733
(22, 32, 500, 1, (21,)): 0.04471307364305835
(22, 32, 500, 1, (22,)): 0.03498586230460459
(22, 32, 500, 1, (23,)): 0.03949249382439147
(22, 32, 500, 2, (21, 23)): 0.047658770190184274
(22, 32, 500, 2, (21, 22)): 0.05090856326060079
(22, 32, 500, 2, (22, 24)): 0.04429292612118165
(22, 32, 500, 3, (21, 22, 23)): 0.06194256252616323
(22, 32, 500, 3, (21, 23, 26)): 0.06910517167597369
(22, 32, 700, 1, (21,)): 0.03322044302602791
(22, 32, 700, 1, (22,)): 0.032610191757599126
(22, 32, 700, 1, (23,)): 0.03435865771579193
(22, 32, 700, 2, (21, 23)): 0.03665948944886343
(22, 32, 700, 2, (21, 22)): 0.04602851492128259
(22, 32, 700, 2, (22, 24)): 0.03478336484732371
(22, 32, 700, 3, (21, 22, 23)): 0.052907600675116885
(22, 32, 700, 3, (21, 23, 26)): 0.05136351722190332
(23, 3, 50, 1, (21,)): 0.038908857267168036
(23, 3, 50, 1, (22,)): 0.036348493692639504
(23, 3, 50, 1, (23,)): 0.05750988260486623
(23, 3, 50, 2, (21, 23)): 0.06497146535981645
(23, 3, 50, 2, (21, 22)): 0.05758966131556934
(23, 3, 50, 2, (22, 24)): 0.05463694476304103
(23, 3, 50, 3, (21, 22, 23)): 0.06551990656098299
(23, 3, 50, 3, (21, 23, 26)): 0.07287232403292143
(23, 3, 100, 1, (21,)): 0.03265035455259101
(23, 3, 100, 1, (22,)): 0.03547662679429109
(23, 3, 100, 1, (23,)): 0.03342491206542232
(23, 3, 100, 2, (21, 23)): 0.04926475786332392
(23, 3, 100, 2, (21, 22)): 0.03521278968833653
(23, 3, 100, 2, (22, 24)): 0.0334288678457757
(23, 3, 100, 3, (21, 22, 23)): 0.044298718300443116
(23, 3, 100, 3, (21, 23, 26)): 0.036191716163579225
(23, 3, 150, 1, (21,)): 0.032961323930106375
(23, 3, 150, 1, (22,)): 0.032494640418935246
(23, 3, 150, 1, (23,)): 0.03295386173772115
(23, 3, 150, 2, (21, 23)): 0.03220374854496633
(23, 3, 150, 2, (21, 22)): 0.03336784538009745
(23, 3, 150, 2, (22, 24)): 0.032741682611274386
(23, 3, 150, 3, (21, 22, 23)): 0.0322102609803757
(23, 3, 150, 3, (21, 23, 26)): 0.03264188384604267
(23, 3, 200, 1, (21,)): 0.031038909475770284
(23, 3, 200, 1, (22,)): 0.032153627213161916
(23, 3, 200, 1, (23,)): 0.03348739598959425
(23, 3, 200, 2, (21, 23)): 0.032278128619883446
(23, 3, 200, 2, (21, 22)): 0.03215576834154599
(23, 3, 200, 2, (22, 24)): 0.032784750705606255
(23, 3, 200, 3, (21, 22, 23)): 0.032094184078565215
(23, 3, 200, 3, (21, 23, 26)): 0.032209084615892995
(23, 3, 300, 1, (21,)): 0.03259028044922283
(23, 3, 300, 1, (22,)): 0.03140577952187434
(23, 3, 300, 1, (23,)): 0.03142411385712793
(23, 3, 300, 2, (21, 23)): 0.03199357223746055
(23, 3, 300, 2, (21, 22)): 0.032461812028528506
(23, 3, 300, 2, (22, 24)): 0.03190938347179782
(23, 3, 300, 3, (21, 22, 23)): 0.03184562973812245
(23, 3, 300, 3, (21, 23, 26)): 0.03200978499691454
(23, 3, 500, 1, (21,)): 0.03351753544822957
(23, 3, 500, 1, (22,)): 0.03232425887674874
(23, 3, 500, 1, (23,)): 0.03192485996174232
(23, 3, 500, 2, (21, 23)): 0.03178619257953486
(23, 3, 500, 2, (21, 22)): 0.03167583335041983
(23, 3, 500, 2, (22, 24)): 0.0317969263290367
(23, 3, 500, 3, (21, 22, 23)): 0.031695563783947014
(23, 3, 500, 3, (21, 23, 26)): 0.031611393332130096
(23, 3, 700, 1, (21,)): 0.03312236479656604
(23, 3, 700, 1, (22,)): 0.032885609343130326
(23, 3, 700, 1, (23,)): 0.03216989261730547
(23, 3, 700, 2, (21, 23)): 0.03187622313047865
(23, 3, 700, 2, (21, 22)): 0.03156399014829206
(23, 3, 700, 2, (22, 24)): 0.03121820268670393
(23, 3, 700, 3, (21, 22, 23)): 0.03174140464844265
(23, 3, 700, 3, (21, 23, 26)): 0.03152127649125894
(23, 5, 50, 1, (21,)): 0.050732463865313715
(23, 5, 50, 1, (22,)): 0.03450698089618845
(23, 5, 50, 1, (23,)): 0.05597554074172751
(23, 5, 50, 2, (21, 23)): 0.07381969346216462
(23, 5, 50, 2, (21, 22)): 0.06479604371775897
(23, 5, 50, 2, (22, 24)): 0.07280262013641833
(23, 5, 50, 3, (21, 22, 23)): 0.08007213417266658
(23, 5, 50, 3, (21, 23, 26)): 0.08345421093434849
(23, 5, 100, 1, (21,)): 0.03354979285292349
(23, 5, 100, 1, (22,)): 0.035636404794996
(23, 5, 100, 1, (23,)): 0.03871983851971361
(23, 5, 100, 2, (21, 23)): 0.04279684218093281
(23, 5, 100, 2, (21, 22)): 0.06578417202458184
(23, 5, 100, 2, (22, 24)): 0.06074744377549639
(23, 5, 100, 3, (21, 22, 23)): 0.07339668862497192
(23, 5, 100, 3, (21, 23, 26)): 0.05458010267676099
(23, 5, 150, 1, (21,)): 0.034271867992069306
(23, 5, 150, 1, (22,)): 0.03692729261288701
(23, 5, 150, 1, (23,)): 0.03229865854060424
(23, 5, 150, 2, (21, 23)): 0.03755606924260873
(23, 5, 150, 2, (21, 22)): 0.03699430056812965
(23, 5, 150, 2, (22, 24)): 0.035100750488793464
(23, 5, 150, 3, (21, 22, 23)): 0.03750014724826578
(23, 5, 150, 3, (21, 23, 26)): 0.035141179156046004
(23, 5, 200, 1, (21,)): 0.03166377477616062
(23, 5, 200, 1, (22,)): 0.03191052076071539
(23, 5, 200, 1, (23,)): 0.033025509321548276
(23, 5, 200, 2, (21, 23)): 0.03243472816978261
(23, 5, 200, 2, (21, 22)): 0.03259955525104619
(23, 5, 200, 2, (22, 24)): 0.03304980339493965
(23, 5, 200, 3, (21, 22, 23)): 0.03532930868717742
(23, 5, 200, 3, (21, 23, 26)): 0.03423870509147028
(23, 5, 300, 1, (21,)): 0.03275093387205972
(23, 5, 300, 1, (22,)): 0.032293376291583374
(23, 5, 300, 1, (23,)): 0.03203177824624279
(23, 5, 300, 2, (21, 23)): 0.03217969613953426
(23, 5, 300, 2, (21, 22)): 0.032364973182615366
(23, 5, 300, 2, (22, 24)): 0.03276145635515591
(23, 5, 300, 3, (21, 22, 23)): 0.03219170476504449
(23, 5, 300, 3, (21, 23, 26)): 0.03217904886212096
(23, 5, 500, 1, (21,)): 0.03172164692866182
(23, 5, 500, 1, (22,)): 0.031661424282578045
(23, 5, 500, 1, (23,)): 0.032870098400378606
(23, 5, 500, 2, (21, 23)): 0.03192631348025836
(23, 5, 500, 2, (21, 22)): 0.031670392834456315
(23, 5, 500, 2, (22, 24)): 0.03197423952832555
(23, 5, 500, 3, (21, 22, 23)): 0.03165532727588549
(23, 5, 500, 3, (21, 23, 26)): 0.03196806380706583
(23, 5, 700, 1, (21,)): 0.031191016182153385
(23, 5, 700, 1, (22,)): 0.0315298277234889
(23, 5, 700, 1, (23,)): 0.03278797816761572
(23, 5, 700, 2, (21, 23)): 0.031747847509346894
(23, 5, 700, 2, (21, 22)): 0.03172015257943054
(23, 5, 700, 2, (22, 24)): 0.031752719896903994
(23, 5, 700, 3, (21, 22, 23)): 0.03158877380591952
(23, 5, 700, 3, (21, 23, 26)): 0.03160006835320175
(23, 8, 50, 1, (21,)): 0.07558571407404638
(23, 8, 50, 1, (22,)): 0.0408486012753357
(23, 8, 50, 1, (23,)): 0.04799146598229323
(23, 8, 50, 2, (21, 23)): 0.08176494678374706
(23, 8, 50, 2, (21, 22)): 0.08494732074984458
(23, 8, 50, 2, (22, 24)): 0.07670372386175513
(23, 8, 50, 3, (21, 22, 23)): 0.08094311922777965
(23, 8, 50, 3, (21, 23, 26)): 0.08109480225507022
(23, 8, 100, 1, (21,)): 0.0382019036277863
(23, 8, 100, 1, (22,)): 0.04163756479906526
(23, 8, 100, 1, (23,)): 0.04412363555015913
(23, 8, 100, 2, (21, 23)): 0.06975828583733126
(23, 8, 100, 2, (21, 22)): 0.07820190077297261
(23, 8, 100, 2, (22, 24)): 0.0691240866835656
(23, 8, 100, 3, (21, 22, 23)): 0.07695148983095261
(23, 8, 100, 3, (21, 23, 26)): 0.0630177403587594
(23, 8, 150, 1, (21,)): 0.033879412064314544
(23, 8, 150, 1, (22,)): 0.03538340718773216
(23, 8, 150, 1, (23,)): 0.03377332945686872
(23, 8, 150, 2, (21, 23)): 0.04496870072464275
(23, 8, 150, 2, (21, 22)): 0.055419060051328115
(23, 8, 150, 2, (22, 24)): 0.04119483572168987
(23, 8, 150, 3, (21, 22, 23)): 0.05787829216608726
(23, 8, 150, 3, (21, 23, 26)): 0.051091030160678216
(23, 8, 200, 1, (21,)): 0.03340244488505095
(23, 8, 200, 1, (22,)): 0.0409759380614292
(23, 8, 200, 1, (23,)): 0.03332480862366002
(23, 8, 200, 2, (21, 23)): 0.03463818914207363
(23, 8, 200, 2, (21, 22)): 0.03545557395995335
(23, 8, 200, 2, (22, 24)): 0.03607467708907288
(23, 8, 200, 3, (21, 22, 23)): 0.05542680433265182
(23, 8, 200, 3, (21, 23, 26)): 0.03936707720863317
(23, 8, 300, 1, (21,)): 0.032357860253840486
(23, 8, 300, 1, (22,)): 0.033131269321216704
(23, 8, 300, 1, (23,)): 0.031634790159600724
(23, 8, 300, 2, (21, 23)): 0.03313945288852978
(23, 8, 300, 2, (21, 22)): 0.03263636838081564
(23, 8, 300, 2, (22, 24)): 0.03244252409116826
(23, 8, 300, 3, (21, 22, 23)): 0.04449553672769302
(23, 8, 300, 3, (21, 23, 26)): 0.03222110059245147
(23, 8, 500, 1, (21,)): 0.03299597559414127
(23, 8, 500, 1, (22,)): 0.03239802703646943
(23, 8, 500, 1, (23,)): 0.03262047456662243
(23, 8, 500, 2, (21, 23)): 0.03239289537920319
(23, 8, 500, 2, (21, 22)): 0.03180169614947229
(23, 8, 500, 2, (22, 24)): 0.03230877486879634
(23, 8, 500, 3, (21, 22, 23)): 0.03202132921074296
(23, 8, 500, 3, (21, 23, 26)): 0.03186361432012947
(23, 8, 700, 1, (21,)): 0.03186081517120178
(23, 8, 700, 1, (22,)): 0.032397894356119644
(23, 8, 700, 1, (23,)): 0.032595313159449565
(23, 8, 700, 2, (21, 23)): 0.031712542010644475
(23, 8, 700, 2, (21, 22)): 0.031982526400139176
(23, 8, 700, 2, (22, 24)): 0.031586368983658734
(23, 8, 700, 3, (21, 22, 23)): 0.03159237187776693
(23, 8, 700, 3, (21, 23, 26)): 0.03181041821209028
(23, 16, 50, 1, (21,)): 0.07738223838439097
(23, 16, 50, 1, (22,)): 0.04241770277744097
(23, 16, 50, 1, (23,)): 0.05577832932620186
(23, 16, 50, 2, (21, 23)): 0.08644855775884093
(23, 16, 50, 2, (21, 22)): 0.08743841723152349
(23, 16, 50, 2, (22, 24)): 0.08795728998802058
(23, 16, 50, 3, (21, 22, 23)): 0.08860220076212194
(23, 16, 50, 3, (21, 23, 26)): 0.08908031743096488
(23, 16, 100, 1, (21,)): 0.04831854051288849
(23, 16, 100, 1, (22,)): 0.05348514902368642
(23, 16, 100, 1, (23,)): 0.07396878970151889
(23, 16, 100, 2, (21, 23)): 0.07375319023835228
(23, 16, 100, 2, (21, 22)): 0.07572053855250523
(23, 16, 100, 2, (22, 24)): 0.07750755666754237
(23, 16, 100, 3, (21, 22, 23)): 0.0869227176784818
(23, 16, 100, 3, (21, 23, 26)): 0.08564575112069202
(23, 16, 150, 1, (21,)): 0.042697311947500156
(23, 16, 150, 1, (22,)): 0.05430275217350951
(23, 16, 150, 1, (23,)): 0.035499279478272985
(23, 16, 150, 2, (21, 23)): 0.06324343879583925
(23, 16, 150, 2, (21, 22)): 0.06451048374070176
(23, 16, 150, 2, (22, 24)): 0.07396486366081877
(23, 16, 150, 3, (21, 22, 23)): 0.08482755973175773
(23, 16, 150, 3, (21, 23, 26)): 0.08472866230118442
(23, 16, 200, 1, (21,)): 0.03353030252283902
(23, 16, 200, 1, (22,)): 0.049039139046365435
(23, 16, 200, 1, (23,)): 0.048552052893410254
(23, 16, 200, 2, (21, 23)): 0.05362192004645558
(23, 16, 200, 2, (21, 22)): 0.05666232865175195
(23, 16, 200, 2, (22, 24)): 0.0743558332274611
(23, 16, 200, 3, (21, 22, 23)): 0.07911802871471689
(23, 16, 200, 3, (21, 23, 26)): 0.07405249540791942
(23, 16, 300, 1, (21,)): 0.03783933424314523
(23, 16, 300, 1, (22,)): 0.03552474218893139
(23, 16, 300, 1, (23,)): 0.03406745215402507
(23, 16, 300, 2, (21, 23)): 0.044171563425690764
(23, 16, 300, 2, (21, 22)): 0.03627380033822739
(23, 16, 300, 2, (22, 24)): 0.046693840110131564
(23, 16, 300, 3, (21, 22, 23)): 0.05990398316104896
(23, 16, 300, 3, (21, 23, 26)): 0.05155408314675243
(23, 16, 500, 1, (21,)): 0.032607457294636044
(23, 16, 500, 1, (22,)): 0.03351958097235767
(23, 16, 500, 1, (23,)): 0.03225250881724076
(23, 16, 500, 2, (21, 23)): 0.03319748964052778
(23, 16, 500, 2, (21, 22)): 0.032517282333038855
(23, 16, 500, 2, (22, 24)): 0.03214121850170453
(23, 16, 500, 3, (21, 22, 23)): 0.04149632330978024
(23, 16, 500, 3, (21, 23, 26)): 0.033358900756958215
(23, 16, 700, 1, (21,)): 0.032072361311220626
(23, 16, 700, 1, (22,)): 0.03262505997335079
(23, 16, 700, 1, (23,)): 0.03481859621705718
(23, 16, 700, 2, (21, 23)): 0.032559490994401405
(23, 16, 700, 2, (21, 22)): 0.03295501326092561
(23, 16, 700, 2, (22, 24)): 0.032155718418312315
(23, 16, 700, 3, (21, 22, 23)): 0.03279764353132938
(23, 16, 700, 3, (21, 23, 26)): 0.032373208832274375
(23, 32, 50, 1, (21,)): 0.06499783361249616
(23, 32, 50, 1, (22,)): 0.07640164249516175
(23, 32, 50, 1, (23,)): 0.09784530841572797
(23, 32, 50, 2, (21, 23)): 0.08546316735805332
(23, 32, 50, 2, (21, 22)): 0.09061998397327317
(23, 32, 50, 2, (22, 24)): 0.09219766471525657
(23, 32, 50, 3, (21, 22, 23)): 0.09193194913163814
(23, 32, 50, 3, (21, 23, 26)): 0.09189585892358625
(23, 32, 100, 1, (21,)): 0.05279600771264429
(23, 32, 100, 1, (22,)): 0.0994311924584195
(23, 32, 100, 1, (23,)): 0.0637576636549039
(23, 32, 100, 2, (21, 23)): 0.08503218763701742
(23, 32, 100, 2, (21, 22)): 0.08631249003772347
(23, 32, 100, 2, (22, 24)): 0.08936163009804214
(23, 32, 100, 3, (21, 22, 23)): 0.0902548335907773
(23, 32, 100, 3, (21, 23, 26)): 0.0883859081155709
(23, 32, 150, 1, (21,)): 0.05546739829202619
(23, 32, 150, 1, (22,)): 0.04548121163749817
(23, 32, 150, 1, (23,)): 0.07958336162558394
(23, 32, 150, 2, (21, 23)): 0.08195406469345565
(23, 32, 150, 2, (21, 22)): 0.08352388407095482
(23, 32, 150, 2, (22, 24)): 0.0845890610131718
(23, 32, 150, 3, (21, 22, 23)): 0.09033727524003489
(23, 32, 150, 3, (21, 23, 26)): 0.08659667638796188
(23, 32, 200, 1, (21,)): 0.054030688779219675
(23, 32, 200, 1, (22,)): 0.04704384516222812
(23, 32, 200, 1, (23,)): 0.052617611999211486
(23, 32, 200, 2, (21, 23)): 0.08685792877364525
(23, 32, 200, 2, (21, 22)): 0.0833241302335705
(23, 32, 200, 2, (22, 24)): 0.06482871271369592
(23, 32, 200, 3, (21, 22, 23)): 0.08758390768726201
(23, 32, 200, 3, (21, 23, 26)): 0.08604053260779303
(23, 32, 300, 1, (21,)): 0.038319796187274206
(23, 32, 300, 1, (22,)): 0.04939083525617437
(23, 32, 300, 1, (23,)): 0.07701961201915765
(23, 32, 300, 2, (21, 23)): 0.07342533191986647
(23, 32, 300, 2, (21, 22)): 0.06580363737946716
(23, 32, 300, 2, (22, 24)): 0.07783573819341026
(23, 32, 300, 3, (21, 22, 23)): 0.07672856144929356
(23, 32, 300, 3, (21, 23, 26)): 0.07697061192146183
(23, 32, 500, 1, (21,)): 0.03277192520189394
(23, 32, 500, 1, (22,)): 0.03927995002604681
(23, 32, 500, 1, (23,)): 0.03580968424250932
(23, 32, 500, 2, (21, 23)): 0.0462861122516039
(23, 32, 500, 2, (21, 22)): 0.04030475512845634
(23, 32, 500, 2, (22, 24)): 0.040511458940950276
(23, 32, 500, 3, (21, 22, 23)): 0.06463841977722913
(23, 32, 500, 3, (21, 23, 26)): 0.048533896091866105
(23, 32, 700, 1, (21,)): 0.033573517084438655
(23, 32, 700, 1, (22,)): 0.03407021839613819
(23, 32, 700, 1, (23,)): 0.03240744038536716
(23, 32, 700, 2, (21, 23)): 0.040327857157408505
(23, 32, 700, 2, (21, 22)): 0.03451870077734392
(23, 32, 700, 2, (22, 24)): 0.050861211136719084
(23, 32, 700, 3, (21, 22, 23)): 0.04347289464058153
(23, 32, 700, 3, (21, 23, 26)): 0.04748433567729341
(24, 3, 50, 1, (21,)): 0.03586559886451504
(24, 3, 50, 1, (22,)): 0.048549058508109505
(24, 3, 50, 1, (23,)): 0.03880618830654227
(24, 3, 50, 2, (21, 23)): 0.07782313812998061
(24, 3, 50, 2, (21, 22)): 0.05910186321228135
(24, 3, 50, 2, (22, 24)): 0.04961589958419643
(24, 3, 50, 3, (21, 22, 23)): 0.07018173445712499
(24, 3, 50, 3, (21, 23, 26)): 0.06268390788729032
(24, 3, 100, 1, (21,)): 0.03706119905066764
(24, 3, 100, 1, (22,)): 0.0342249335074403
(24, 3, 100, 1, (23,)): 0.03434459276335122
(24, 3, 100, 2, (21, 23)): 0.03288185865992745
(24, 3, 100, 2, (21, 22)): 0.0333805591495248
(24, 3, 100, 2, (22, 24)): 0.03604228375622497
(24, 3, 100, 3, (21, 22, 23)): 0.040678052275143615
(24, 3, 100, 3, (21, 23, 26)): 0.04681601447307269
(24, 3, 150, 1, (21,)): 0.032550183298937475
(24, 3, 150, 1, (22,)): 0.03412087452599686
(24, 3, 150, 1, (23,)): 0.032914608886852305
(24, 3, 150, 2, (21, 23)): 0.03266832939115639
(24, 3, 150, 2, (21, 22)): 0.03266588922622087
(24, 3, 150, 2, (22, 24)): 0.032222786276266284
(24, 3, 150, 3, (21, 22, 23)): 0.03258099052061505
(24, 3, 150, 3, (21, 23, 26)): 0.03490332617686879
(24, 3, 200, 1, (21,)): 0.03219180436829687
(24, 3, 200, 1, (22,)): 0.03259030765139169
(24, 3, 200, 1, (23,)): 0.032942311409894204
(24, 3, 200, 2, (21, 23)): 0.032777923042510156
(24, 3, 200, 2, (21, 22)): 0.033472609507169265
(24, 3, 200, 2, (22, 24)): 0.03229529663124177
(24, 3, 200, 3, (21, 22, 23)): 0.03229316032110696
(24, 3, 200, 3, (21, 23, 26)): 0.0317355065866201
(24, 3, 300, 1, (21,)): 0.03208483320185936
(24, 3, 300, 1, (22,)): 0.032800343370900105
(24, 3, 300, 1, (23,)): 0.0321105788071631
(24, 3, 300, 2, (21, 23)): 0.03218659419617765
(24, 3, 300, 2, (21, 22)): 0.031872000107063134
(24, 3, 300, 2, (22, 24)): 0.031952069427692416
(24, 3, 300, 3, (21, 22, 23)): 0.03213580748181311
(24, 3, 300, 3, (21, 23, 26)): 0.032026922764343914
(24, 3, 500, 1, (21,)): 0.03170561267291052
(24, 3, 500, 1, (22,)): 0.033028697080243835
(24, 3, 500, 1, (23,)): 0.03332026461351996
(24, 3, 500, 2, (21, 23)): 0.03156344683362062
(24, 3, 500, 2, (21, 22)): 0.0318866466638082
(24, 3, 500, 2, (22, 24)): 0.03170584122326867
(24, 3, 500, 3, (21, 22, 23)): 0.03165037873341666
(24, 3, 500, 3, (21, 23, 26)): 0.03182614893280648
(24, 3, 700, 1, (21,)): 0.03274404016702307
(24, 3, 700, 1, (22,)): 0.03199820260079375
(24, 3, 700, 1, (23,)): 0.031402786955525445
(24, 3, 700, 2, (21, 23)): 0.03160080031663299
(24, 3, 700, 2, (21, 22)): 0.031594441956527664
(24, 3, 700, 2, (22, 24)): 0.031612709452025566
(24, 3, 700, 3, (21, 22, 23)): 0.031572516632702205
(24, 3, 700, 3, (21, 23, 26)): 0.03155359378859111
(24, 5, 50, 1, (21,)): 0.05520583045030804
(24, 5, 50, 1, (22,)): 0.06314758533643403
(24, 5, 50, 1, (23,)): 0.04259602620691735
(24, 5, 50, 2, (21, 23)): 0.07272680080831832
(24, 5, 50, 2, (21, 22)): 0.07674344143785107
(24, 5, 50, 2, (22, 24)): 0.07843799327718379
(24, 5, 50, 3, (21, 22, 23)): 0.07820795645522409
(24, 5, 50, 3, (21, 23, 26)): 0.08059485571466504
(24, 5, 100, 1, (21,)): 0.03496012509965265
(24, 5, 100, 1, (22,)): 0.034497320005554895
(24, 5, 100, 1, (23,)): 0.0344389505826644
(24, 5, 100, 2, (21, 23)): 0.05429830483164392
(24, 5, 100, 2, (21, 22)): 0.05298544290036296
(24, 5, 100, 2, (22, 24)): 0.04746527131465285
(24, 5, 100, 3, (21, 22, 23)): 0.057316653375250194
(24, 5, 100, 3, (21, 23, 26)): 0.04704434821530721
(24, 5, 150, 1, (21,)): 0.03286392268063629
(24, 5, 150, 1, (22,)): 0.03293991746946985
(24, 5, 150, 1, (23,)): 0.031085566177167633
(24, 5, 150, 2, (21, 23)): 0.04294499189542833
(24, 5, 150, 2, (21, 22)): 0.035314083787606004
(24, 5, 150, 2, (22, 24)): 0.03556715844065901
(24, 5, 150, 3, (21, 22, 23)): 0.0385374645773029
(24, 5, 150, 3, (21, 23, 26)): 0.035659520114853294
(24, 5, 200, 1, (21,)): 0.033474703222554976
(24, 5, 200, 1, (22,)): 0.03357331296713727
(24, 5, 200, 1, (23,)): 0.03303394956258386
(24, 5, 200, 2, (21, 23)): 0.03281227131402423
(24, 5, 200, 2, (21, 22)): 0.03324321189513268
(24, 5, 200, 2, (22, 24)): 0.032375886420894034
(24, 5, 200, 3, (21, 22, 23)): 0.03419824406560368
(24, 5, 200, 3, (21, 23, 26)): 0.03237037435966149
(24, 5, 300, 1, (21,)): 0.03257722117855862
(24, 5, 300, 1, (22,)): 0.032193942969309296
(24, 5, 300, 1, (23,)): 0.032461464800137355
(24, 5, 300, 2, (21, 23)): 0.03239431098601335
(24, 5, 300, 2, (21, 22)): 0.03213502530479551
(24, 5, 300, 2, (22, 24)): 0.032346461824279256
(24, 5, 300, 3, (21, 22, 23)): 0.03200459006821456
(24, 5, 300, 3, (21, 23, 26)): 0.0319045444430601
(24, 5, 500, 1, (21,)): 0.0312592814279845
(24, 5, 500, 1, (22,)): 0.03212025884964897
(24, 5, 500, 1, (23,)): 0.03294157964274223
(24, 5, 500, 2, (21, 23)): 0.03224372580781503
(24, 5, 500, 2, (21, 22)): 0.03210197737133098
(24, 5, 500, 2, (22, 24)): 0.03161364000727022
(24, 5, 500, 3, (21, 22, 23)): 0.03215091571683268
(24, 5, 500, 3, (21, 23, 26)): 0.03172427015249171
(24, 5, 700, 1, (21,)): 0.033127447089438725
(24, 5, 700, 1, (22,)): 0.03279945404424271
(24, 5, 700, 1, (23,)): 0.03189844205007418
(24, 5, 700, 2, (21, 23)): 0.03148809884548615
(24, 5, 700, 2, (21, 22)): 0.03119546257488001
(24, 5, 700, 2, (22, 24)): 0.03110452058517428
(24, 5, 700, 3, (21, 22, 23)): 0.031530744175977524
(24, 5, 700, 3, (21, 23, 26)): 0.031663679964564394
(24, 8, 50, 1, (21,)): 0.03868034049374951
(24, 8, 50, 1, (22,)): 0.05674114572436275
(24, 8, 50, 1, (23,)): 0.0572631338713697
(24, 8, 50, 2, (21, 23)): 0.07877593784969952
(24, 8, 50, 2, (21, 22)): 0.08455484814303522
(24, 8, 50, 2, (22, 24)): 0.07263172047374858
(24, 8, 50, 3, (21, 22, 23)): 0.08358368145661747
(24, 8, 50, 3, (21, 23, 26)): 0.07999334085072757
(24, 8, 100, 1, (21,)): 0.04158155652970151
(24, 8, 100, 1, (22,)): 0.03879452048477145
(24, 8, 100, 1, (23,)): 0.04351763756145892
(24, 8, 100, 2, (21, 23)): 0.05893853453458274
(24, 8, 100, 2, (21, 22)): 0.07025502766897881
(24, 8, 100, 2, (22, 24)): 0.057942246461951265
(24, 8, 100, 3, (21, 22, 23)): 0.07324759087766226
(24, 8, 100, 3, (21, 23, 26)): 0.07694281642551662
(24, 8, 150, 1, (21,)): 0.036821483740986906
(24, 8, 150, 1, (22,)): 0.048115453926936766
(24, 8, 150, 1, (23,)): 0.03209899877162474
(24, 8, 150, 2, (21, 23)): 0.04650214487532611
(24, 8, 150, 2, (21, 22)): 0.04470394364909837
(24, 8, 150, 2, (22, 24)): 0.03800300487911993
(24, 8, 150, 3, (21, 22, 23)): 0.05284105905555955
(24, 8, 150, 3, (21, 23, 26)): 0.05547103174305243
(24, 8, 200, 1, (21,)): 0.03499443621451707
(24, 8, 200, 1, (22,)): 0.032817470559808555
(24, 8, 200, 1, (23,)): 0.032878078945535544
(24, 8, 200, 2, (21, 23)): 0.06026206150528214
(24, 8, 200, 2, (21, 22)): 0.043199185325482586
(24, 8, 200, 2, (22, 24)): 0.03670613789032158
(24, 8, 200, 3, (21, 22, 23)): 0.047727274143659376
(24, 8, 200, 3, (21, 23, 26)): 0.04244925644911034
(24, 8, 300, 1, (21,)): 0.032213078818279235
(24, 8, 300, 1, (22,)): 0.0352043894332286
(24, 8, 300, 1, (23,)): 0.0328228063206342
(24, 8, 300, 2, (21, 23)): 0.034613947774946384
(24, 8, 300, 2, (21, 22)): 0.03254670623991524
(24, 8, 300, 2, (22, 24)): 0.032739315017761166
(24, 8, 300, 3, (21, 22, 23)): 0.034359158321747844
(24, 8, 300, 3, (21, 23, 26)): 0.032561741204764114
(24, 8, 500, 1, (21,)): 0.034204459523413486
(24, 8, 500, 1, (22,)): 0.032487841653109695
(24, 8, 500, 1, (23,)): 0.03169049311243956
(24, 8, 500, 2, (21, 23)): 0.03217833025014769
(24, 8, 500, 2, (21, 22)): 0.03185659563621964
(24, 8, 500, 2, (22, 24)): 0.03182309761139889
(24, 8, 500, 3, (21, 22, 23)): 0.03161204253655829
(24, 8, 500, 3, (21, 23, 26)): 0.03194515205895291
(24, 8, 700, 1, (21,)): 0.030828000385290048
(24, 8, 700, 1, (22,)): 0.03155137823994518
(24, 8, 700, 1, (23,)): 0.03201646229216194
(24, 8, 700, 2, (21, 23)): 0.031784691475153046
(24, 8, 700, 2, (21, 22)): 0.0313954861388761
(24, 8, 700, 2, (22, 24)): 0.032347531998716365
(24, 8, 700, 3, (21, 22, 23)): 0.032102576006321666
(24, 8, 700, 3, (21, 23, 26)): 0.032223400871127704
(24, 16, 50, 1, (21,)): 0.04629260029051351
(24, 16, 50, 1, (22,)): 0.07131648870984085
(24, 16, 50, 1, (23,)): 0.07408981882320619
(24, 16, 50, 2, (21, 23)): 0.08853472416764094
(24, 16, 50, 2, (21, 22)): 0.08809343985972808
(24, 16, 50, 2, (22, 24)): 0.0868262184806821
(24, 16, 50, 3, (21, 22, 23)): 0.0908035251584242
(24, 16, 50, 3, (21, 23, 26)): 0.08991520974171793
(24, 16, 100, 1, (21,)): 0.06527602913223639
(24, 16, 100, 1, (22,)): 0.037129658175947516
(24, 16, 100, 1, (23,)): 0.03960363848014948
(24, 16, 100, 2, (21, 23)): 0.07749383477973913
(24, 16, 100, 2, (21, 22)): 0.07505067528176598
(24, 16, 100, 2, (22, 24)): 0.07418930601086544
(24, 16, 100, 3, (21, 22, 23)): 0.08016067816453028
(24, 16, 100, 3, (21, 23, 26)): 0.08400083750180905
(24, 16, 150, 1, (21,)): 0.05475542270717613
(24, 16, 150, 1, (22,)): 0.04982661682305825
(24, 16, 150, 1, (23,)): 0.04464551947951277
(24, 16, 150, 2, (21, 23)): 0.06844441992328143
(24, 16, 150, 2, (21, 22)): 0.06534397766722488
(24, 16, 150, 2, (22, 24)): 0.0627125870150254
(24, 16, 150, 3, (21, 22, 23)): 0.08004853420668341
(24, 16, 150, 3, (21, 23, 26)): 0.07788697880951419
(24, 16, 200, 1, (21,)): 0.04348174165043884
(24, 16, 200, 1, (22,)): 0.034063799481705084
(24, 16, 200, 1, (23,)): 0.03498343414159277
(24, 16, 200, 2, (21, 23)): 0.062317671841074576
(24, 16, 200, 2, (21, 22)): 0.06398986844727843
(24, 16, 200, 2, (22, 24)): 0.06279160101410906
(24, 16, 200, 3, (21, 22, 23)): 0.06967958603415408
(24, 16, 200, 3, (21, 23, 26)): 0.05572202272401061
(24, 16, 300, 1, (21,)): 0.03407007279765993
(24, 16, 300, 1, (22,)): 0.03643614331835756
(24, 16, 300, 1, (23,)): 0.0352210104625335
(24, 16, 300, 2, (21, 23)): 0.0353988471012825
(24, 16, 300, 2, (21, 22)): 0.03726184608168978
(24, 16, 300, 2, (22, 24)): 0.03826746950227886
(24, 16, 300, 3, (21, 22, 23)): 0.05232827005903681
(24, 16, 300, 3, (21, 23, 26)): 0.050989676077787253
(24, 16, 500, 1, (21,)): 0.0352799406659485
(24, 16, 500, 1, (22,)): 0.038016268286922575
(24, 16, 500, 1, (23,)): 0.032323582252082
(24, 16, 500, 2, (21, 23)): 0.032662977291145076
(24, 16, 500, 2, (21, 22)): 0.033023599251391006
(24, 16, 500, 2, (22, 24)): 0.032268609242558616
(24, 16, 500, 3, (21, 22, 23)): 0.036869615771606634
(24, 16, 500, 3, (21, 23, 26)): 0.03285741476531264
(24, 16, 700, 1, (21,)): 0.031813358268260566
(24, 16, 700, 1, (22,)): 0.032188730125907714
(24, 16, 700, 1, (23,)): 0.032553337253526514
(24, 16, 700, 2, (21, 23)): 0.032861008578841694
(24, 16, 700, 2, (21, 22)): 0.03188602228105109
(24, 16, 700, 2, (22, 24)): 0.03185774151283412
(24, 16, 700, 3, (21, 22, 23)): 0.03235969492043782
(24, 16, 700, 3, (21, 23, 26)): 0.032346297996698595
(24, 32, 50, 1, (21,)): 0.08980165183101715
(24, 32, 50, 1, (22,)): 0.05953285375281962
(24, 32, 50, 1, (23,)): 0.07205393230237424
(24, 32, 50, 2, (21, 23)): 0.08924145977816313
(24, 32, 50, 2, (21, 22)): 0.08947531675998796
(24, 32, 50, 2, (22, 24)): 0.0910709442506144
(24, 32, 50, 3, (21, 22, 23)): 0.09245155834743103
(24, 32, 50, 3, (21, 23, 26)): 0.0921557509415586
(24, 32, 100, 1, (21,)): 0.07693866875766313
(24, 32, 100, 1, (22,)): 0.07647436953185169
(24, 32, 100, 1, (23,)): 0.04027487801091722
(24, 32, 100, 2, (21, 23)): 0.08616083465630323
(24, 32, 100, 2, (21, 22)): 0.08087831639346729
(24, 32, 100, 2, (22, 24)): 0.08911639821626156
(24, 32, 100, 3, (21, 22, 23)): 0.08813405952245268
(24, 32, 100, 3, (21, 23, 26)): 0.09015475196280413
(24, 32, 150, 1, (21,)): 0.07084149847905484
(24, 32, 150, 1, (22,)): 0.05170549949011879
(24, 32, 150, 1, (23,)): 0.048886780302904644
(24, 32, 150, 2, (21, 23)): 0.08222988362303707
(24, 32, 150, 2, (21, 22)): 0.08161945431736989
(24, 32, 150, 2, (22, 24)): 0.08149601136971689
(24, 32, 150, 3, (21, 22, 23)): 0.08761144394711907
(24, 32, 150, 3, (21, 23, 26)): 0.08558891134494911
(24, 32, 200, 1, (21,)): 0.06359534231685345
(24, 32, 200, 1, (22,)): 0.05103274901478369
(24, 32, 200, 1, (23,)): 0.039085038471549864
(24, 32, 200, 2, (21, 23)): 0.07949153465684276
(24, 32, 200, 2, (21, 22)): 0.07410459486811742
(24, 32, 200, 2, (22, 24)): 0.07451943340208902
(24, 32, 200, 3, (21, 22, 23)): 0.0820821403808622
(24, 32, 200, 3, (21, 23, 26)): 0.08578420981147311
(24, 32, 300, 1, (21,)): 0.052111317620472324
(24, 32, 300, 1, (22,)): 0.0415471220516972
(24, 32, 300, 1, (23,)): 0.03386740474799021
(24, 32, 300, 2, (21, 23)): 0.06701563285769283
(24, 32, 300, 2, (21, 22)): 0.06604892873514094
(24, 32, 300, 2, (22, 24)): 0.0680229858708922
(24, 32, 300, 3, (21, 22, 23)): 0.06698463458343812
(24, 32, 300, 3, (21, 23, 26)): 0.07702491545708166
(24, 32, 500, 1, (21,)): 0.03951991369705384
(24, 32, 500, 1, (22,)): 0.033165553958249265
(24, 32, 500, 1, (23,)): 0.03505053343912369
(24, 32, 500, 2, (21, 23)): 0.03703994085395468
(24, 32, 500, 2, (21, 22)): 0.047950272922508246
(24, 32, 500, 2, (22, 24)): 0.047470446334343365
(24, 32, 500, 3, (21, 22, 23)): 0.05390881118218585
(24, 32, 500, 3, (21, 23, 26)): 0.06258196951566596
(24, 32, 700, 1, (21,)): 0.0335816863746413
(24, 32, 700, 1, (22,)): 0.03517895224609808
(24, 32, 700, 1, (23,)): 0.0344115822753179
(24, 32, 700, 2, (21, 23)): 0.03547591696781595
(24, 32, 700, 2, (21, 22)): 0.04004442038441448
(24, 32, 700, 2, (22, 24)): 0.06721245827077071
(24, 32, 700, 3, (21, 22, 23)): 0.04769331907257476
(24, 32, 700, 3, (21, 23, 26)): 0.04411531424118512
(26, 3, 50, 1, (21,)): 0.036231973743098576
(26, 3, 50, 1, (22,)): 0.03809116903191712
(26, 3, 50, 1, (23,)): 0.035415464844982446
(26, 3, 50, 2, (21, 23)): 0.06104327086386863
(26, 3, 50, 2, (21, 22)): 0.0680884024069948
(26, 3, 50, 2, (22, 24)): 0.06166333995960508
(26, 3, 50, 3, (21, 22, 23)): 0.07116989858840199
(26, 3, 50, 3, (21, 23, 26)): 0.0628828373841126
(26, 3, 100, 1, (21,)): 0.03318704190636218
(26, 3, 100, 1, (22,)): 0.0335815438654492
(26, 3, 100, 1, (23,)): 0.033956429288343665
(26, 3, 100, 2, (21, 23)): 0.036804150820429066
(26, 3, 100, 2, (21, 22)): 0.041208438983691836
(26, 3, 100, 2, (22, 24)): 0.038109364966980495
(26, 3, 100, 3, (21, 22, 23)): 0.04987437928075176
(26, 3, 100, 3, (21, 23, 26)): 0.042582867229851905
(26, 3, 150, 1, (21,)): 0.0320905314875153
(26, 3, 150, 1, (22,)): 0.033115560339973565
(26, 3, 150, 1, (23,)): 0.031647021470342804
(26, 3, 150, 2, (21, 23)): 0.03252938456112303
(26, 3, 150, 2, (21, 22)): 0.03316095388169862
(26, 3, 150, 2, (22, 24)): 0.032585433187075616
(26, 3, 150, 3, (21, 22, 23)): 0.033899409736685086
(26, 3, 150, 3, (21, 23, 26)): 0.032355959620227616
(26, 3, 200, 1, (21,)): 0.03207067234860548
(26, 3, 200, 1, (22,)): 0.033181084226689
(26, 3, 200, 1, (23,)): 0.03185348234563977
(26, 3, 200, 2, (21, 23)): 0.0319436653333349
(26, 3, 200, 2, (21, 22)): 0.031908833845496545
(26, 3, 200, 2, (22, 24)): 0.0325927603820677
(26, 3, 200, 3, (21, 22, 23)): 0.03231453672782417
(26, 3, 200, 3, (21, 23, 26)): 0.0319373305866095
(26, 3, 300, 1, (21,)): 0.03222988014349883
(26, 3, 300, 1, (22,)): 0.03394192340249195
(26, 3, 300, 1, (23,)): 0.03214806471752098
(26, 3, 300, 2, (21, 23)): 0.03206745749854328
(26, 3, 300, 2, (21, 22)): 0.03201662342680741
(26, 3, 300, 2, (22, 24)): 0.031736398973777946
(26, 3, 300, 3, (21, 22, 23)): 0.03186731089189589
(26, 3, 300, 3, (21, 23, 26)): 0.031746341256809724
(26, 3, 500, 1, (21,)): 0.03182509877231505
(26, 3, 500, 1, (22,)): 0.03212013817770744
(26, 3, 500, 1, (23,)): 0.033527651809204764
(26, 3, 500, 2, (21, 23)): 0.0316325880572954
(26, 3, 500, 2, (21, 22)): 0.03152351242748456
(26, 3, 500, 2, (22, 24)): 0.03122652817181363
(26, 3, 500, 3, (21, 22, 23)): 0.03175803036343281
(26, 3, 500, 3, (21, 23, 26)): 0.03166454035003406
(26, 3, 700, 1, (21,)): 0.03167846002995224
(26, 3, 700, 1, (22,)): 0.03281456265686774
(26, 3, 700, 1, (23,)): 0.03173799005463238
(26, 3, 700, 2, (21, 23)): 0.031794035215173974
(26, 3, 700, 2, (21, 22)): 0.03158714823215791
(26, 3, 700, 2, (22, 24)): 0.03142407699740084
(26, 3, 700, 3, (21, 22, 23)): 0.03153549211675145
(26, 3, 700, 3, (21, 23, 26)): 0.031524922037545804
(26, 5, 50, 1, (21,)): 0.044497041098511846
(26, 5, 50, 1, (22,)): 0.040472504790757875
(26, 5, 50, 1, (23,)): 0.039093937903476365
(26, 5, 50, 2, (21, 23)): 0.08162439525595121
(26, 5, 50, 2, (21, 22)): 0.0664362587905344
(26, 5, 50, 2, (22, 24)): 0.07982208457694244
(26, 5, 50, 3, (21, 22, 23)): 0.07739584237114752
(26, 5, 50, 3, (21, 23, 26)): 0.0782223547626965
(26, 5, 100, 1, (21,)): 0.034347739531991446
(26, 5, 100, 1, (22,)): 0.03803029710089614
(26, 5, 100, 1, (23,)): 0.0336919692345259
(26, 5, 100, 2, (21, 23)): 0.04320932777423393
(26, 5, 100, 2, (21, 22)): 0.05490004125287718
(26, 5, 100, 2, (22, 24)): 0.04214109939569244
(26, 5, 100, 3, (21, 22, 23)): 0.05790725205330116
(26, 5, 100, 3, (21, 23, 26)): 0.06699650468115619
(26, 5, 150, 1, (21,)): 0.03685230738774002
(26, 5, 150, 1, (22,)): 0.033650326976441755
(26, 5, 150, 1, (23,)): 0.032317469025999405
(26, 5, 150, 2, (21, 23)): 0.03243491670144184
(26, 5, 150, 2, (21, 22)): 0.044977320234651286
(26, 5, 150, 2, (22, 24)): 0.04130935897294085
(26, 5, 150, 3, (21, 22, 23)): 0.03739241714790742
(26, 5, 150, 3, (21, 23, 26)): 0.03768973591244444
(26, 5, 200, 1, (21,)): 0.03749435960518806
(26, 5, 200, 1, (22,)): 0.033020395699714426
(26, 5, 200, 1, (23,)): 0.03275614321428976
(26, 5, 200, 2, (21, 23)): 0.0326884958545691
(26, 5, 200, 2, (21, 22)): 0.03287926540506411
(26, 5, 200, 2, (22, 24)): 0.03241455520338031
(26, 5, 200, 3, (21, 22, 23)): 0.0331648900489046
(26, 5, 200, 3, (21, 23, 26)): 0.03253454832731489
(26, 5, 300, 1, (21,)): 0.030823578975946207
(26, 5, 300, 1, (22,)): 0.03298078685214043
(26, 5, 300, 1, (23,)): 0.031957627348171924
(26, 5, 300, 2, (21, 23)): 0.03189408586162944
(26, 5, 300, 2, (21, 22)): 0.03238435451307752
(26, 5, 300, 2, (22, 24)): 0.03199642229302453
(26, 5, 300, 3, (21, 22, 23)): 0.0322820652952076
(26, 5, 300, 3, (21, 23, 26)): 0.03202166778944186
(26, 5, 500, 1, (21,)): 0.03261065109581869
(26, 5, 500, 1, (22,)): 0.03196815756953299
(26, 5, 500, 1, (23,)): 0.03305725692832185
(26, 5, 500, 2, (21, 23)): 0.0318496878889874
(26, 5, 500, 2, (21, 22)): 0.03226378667282793
(26, 5, 500, 2, (22, 24)): 0.032029734475120676
(26, 5, 500, 3, (21, 22, 23)): 0.03172519117235171
(26, 5, 500, 3, (21, 23, 26)): 0.031877551130493766
(26, 5, 700, 1, (21,)): 0.030660551907466957
(26, 5, 700, 1, (22,)): 0.03137926132634445
(26, 5, 700, 1, (23,)): 0.031907581057776295
(26, 5, 700, 2, (21, 23)): 0.03142965585853265
(26, 5, 700, 2, (21, 22)): 0.0312894217398581
(26, 5, 700, 2, (22, 24)): 0.031872370814793695
(26, 5, 700, 3, (21, 22, 23)): 0.031740011361283654
(26, 5, 700, 3, (21, 23, 26)): 0.03155594241894464
(26, 8, 50, 1, (21,)): 0.09969448432678009
(26, 8, 50, 1, (22,)): 0.05502719014237441
(26, 8, 50, 1, (23,)): 0.04383108589637151
(26, 8, 50, 2, (21, 23)): 0.07771126392881637
(26, 8, 50, 2, (21, 22)): 0.08342023950095542
(26, 8, 50, 2, (22, 24)): 0.08200815338810387
(26, 8, 50, 3, (21, 22, 23)): 0.08273257069403613
(26, 8, 50, 3, (21, 23, 26)): 0.08456017637528992
(26, 8, 100, 1, (21,)): 0.04240439200250823
(26, 8, 100, 1, (22,)): 0.036341362877647145
(26, 8, 100, 1, (23,)): 0.0351194120868671
(26, 8, 100, 2, (21, 23)): 0.07072106728254025
(26, 8, 100, 2, (21, 22)): 0.07693050868173851
(26, 8, 100, 2, (22, 24)): 0.06348866270132655
(26, 8, 100, 3, (21, 22, 23)): 0.07500940030986321
(26, 8, 100, 3, (21, 23, 26)): 0.07625027086197113
(26, 8, 150, 1, (21,)): 0.03848990067903477
(26, 8, 150, 1, (22,)): 0.048813469152535725
(26, 8, 150, 1, (23,)): 0.03639214087961438
(26, 8, 150, 2, (21, 23)): 0.03876673879278445
(26, 8, 150, 2, (21, 22)): 0.05301072208644484
(26, 8, 150, 2, (22, 24)): 0.05629196880335817
(26, 8, 150, 3, (21, 22, 23)): 0.05084654343952874
(26, 8, 150, 3, (21, 23, 26)): 0.054601886702056866
(26, 8, 200, 1, (21,)): 0.03424611393685266
(26, 8, 200, 1, (22,)): 0.03513308264306746
(26, 8, 200, 1, (23,)): 0.032166065729141546
(26, 8, 200, 2, (21, 23)): 0.042093389349984335
(26, 8, 200, 2, (21, 22)): 0.040497212977325434
(26, 8, 200, 2, (22, 24)): 0.043463674912193745
(26, 8, 200, 3, (21, 22, 23)): 0.046822586324402955
(26, 8, 200, 3, (21, 23, 26)): 0.050952226301855696
(26, 8, 300, 1, (21,)): 0.03326871838595971
(26, 8, 300, 1, (22,)): 0.03396736152294127
(26, 8, 300, 1, (23,)): 0.031997832063226775
(26, 8, 300, 2, (21, 23)): 0.035934478284165225
(26, 8, 300, 2, (21, 22)): 0.03579178091771797
(26, 8, 300, 2, (22, 24)): 0.031895387280367414
(26, 8, 300, 3, (21, 22, 23)): 0.04483580260470263
(26, 8, 300, 3, (21, 23, 26)): 0.03297049721618827
(26, 8, 500, 1, (21,)): 0.03315337087784785
(26, 8, 500, 1, (22,)): 0.031788394271994855
(26, 8, 500, 1, (23,)): 0.03170693285932848
(26, 8, 500, 2, (21, 23)): 0.03176506782963982
(26, 8, 500, 2, (21, 22)): 0.032141657740004645
(26, 8, 500, 2, (22, 24)): 0.03171699756355144
(26, 8, 500, 3, (21, 22, 23)): 0.03178032642131883
(26, 8, 500, 3, (21, 23, 26)): 0.031962252340938434
(26, 8, 700, 1, (21,)): 0.03241966152805974
(26, 8, 700, 1, (22,)): 0.03149333494039447
(26, 8, 700, 1, (23,)): 0.032337337119148664
(26, 8, 700, 2, (21, 23)): 0.03182892391629656
(26, 8, 700, 2, (21, 22)): 0.03187502789452723
(26, 8, 700, 2, (22, 24)): 0.03211249594718386
(26, 8, 700, 3, (21, 22, 23)): 0.031795274579034034
(26, 8, 700, 3, (21, 23, 26)): 0.03169277662794197
(26, 16, 50, 1, (21,)): 0.08884771548655802
(26, 16, 50, 1, (22,)): 0.09858409983189423
(26, 16, 50, 1, (23,)): 0.0398673193426637
(26, 16, 50, 2, (21, 23)): 0.08915918331347764
(26, 16, 50, 2, (21, 22)): 0.08557008901967955
(26, 16, 50, 2, (22, 24)): 0.08686189565456502
(26, 16, 50, 3, (21, 22, 23)): 0.08938427891304598
(26, 16, 50, 3, (21, 23, 26)): 0.09028760029346498
(26, 16, 100, 1, (21,)): 0.07732398230859457
(26, 16, 100, 1, (22,)): 0.046826019991859875
(26, 16, 100, 1, (23,)): 0.03732441116449574
(26, 16, 100, 2, (21, 23)): 0.08290422578451724
(26, 16, 100, 2, (21, 22)): 0.07930496367396941
(26, 16, 100, 2, (22, 24)): 0.07038200854301352
(26, 16, 100, 3, (21, 22, 23)): 0.08302996552411487
(26, 16, 100, 3, (21, 23, 26)): 0.08495211419082509
(26, 16, 150, 1, (21,)): 0.03510564029908913
(26, 16, 150, 1, (22,)): 0.06590002054335706
(26, 16, 150, 1, (23,)): 0.03877010726181907
(26, 16, 150, 2, (21, 23)): 0.07433564254015156
(26, 16, 150, 2, (21, 22)): 0.058231846595391934
(26, 16, 150, 2, (22, 24)): 0.07238483532598207
(26, 16, 150, 3, (21, 22, 23)): 0.07795428594290157
(26, 16, 150, 3, (21, 23, 26)): 0.07738812204851822
(26, 16, 200, 1, (21,)): 0.040180592552805414
(26, 16, 200, 1, (22,)): 0.03784804243800845
(26, 16, 200, 1, (23,)): 0.03477292748834508
(26, 16, 200, 2, (21, 23)): 0.06686353276884165
(26, 16, 200, 2, (21, 22)): 0.05988633950956474
(26, 16, 200, 2, (22, 24)): 0.06483796771812793
(26, 16, 200, 3, (21, 22, 23)): 0.06275755579140199
(26, 16, 200, 3, (21, 23, 26)): 0.06521819985308981
(26, 16, 300, 1, (21,)): 0.03393048488825275
(26, 16, 300, 1, (22,)): 0.03242166953536402
(26, 16, 300, 1, (23,)): 0.03200433470346334
(26, 16, 300, 2, (21, 23)): 0.04612041143633438
(26, 16, 300, 2, (21, 22)): 0.052601441224416796
(26, 16, 300, 2, (22, 24)): 0.04210763289436
(26, 16, 300, 3, (21, 22, 23)): 0.05643346339352862
(26, 16, 300, 3, (21, 23, 26)): 0.05165229200566099
(26, 16, 500, 1, (21,)): 0.03414465939165954
(26, 16, 500, 1, (22,)): 0.0330531729765193
(26, 16, 500, 1, (23,)): 0.032989983875691874
(26, 16, 500, 2, (21, 23)): 0.03281969268298189
(26, 16, 500, 2, (21, 22)): 0.03233465175708969
(26, 16, 500, 2, (22, 24)): 0.03280518774949702
(26, 16, 500, 3, (21, 22, 23)): 0.047061672907879985
(26, 16, 500, 3, (21, 23, 26)): 0.03327358562991924
(26, 16, 700, 1, (21,)): 0.03223763174126228
(26, 16, 700, 1, (22,)): 0.03201879853347963
(26, 16, 700, 1, (23,)): 0.032890717837743735
(26, 16, 700, 2, (21, 23)): 0.032165941429774976
(26, 16, 700, 2, (21, 22)): 0.03218129776772745
(26, 16, 700, 2, (22, 24)): 0.032475993264481
(26, 16, 700, 3, (21, 22, 23)): 0.03222714787943549
(26, 16, 700, 3, (21, 23, 26)): 0.032016047864295745
(26, 32, 50, 1, (21,)): 0.0627925911441322
(26, 32, 50, 1, (22,)): 0.0808644693718557
(26, 32, 50, 1, (23,)): 0.11165819966133039
(26, 32, 50, 2, (21, 23)): 0.09022886438193826
(26, 32, 50, 2, (21, 22)): 0.0961578429309237
(26, 32, 50, 2, (22, 24)): 0.08418564575970876
(26, 32, 50, 3, (21, 22, 23)): 0.09201939882705835
(26, 32, 50, 3, (21, 23, 26)): 0.0921406883018694
(26, 32, 100, 1, (21,)): 0.0928862300810991
(26, 32, 100, 1, (22,)): 0.08436407985682597
(26, 32, 100, 1, (23,)): 0.04418133964299019
(26, 32, 100, 2, (21, 23)): 0.09101818547988855
(26, 32, 100, 2, (21, 22)): 0.08087862650742099
(26, 32, 100, 2, (22, 24)): 0.08374678112183158
(26, 32, 100, 3, (21, 22, 23)): 0.08878714857817965
(26, 32, 100, 3, (21, 23, 26)): 0.08838721735997888
(26, 32, 150, 1, (21,)): 0.0885693089980642
(26, 32, 150, 1, (22,)): 0.07398854941916048
(26, 32, 150, 1, (23,)): 0.07157432422574876
(26, 32, 150, 2, (21, 23)): 0.08630004689956135
(26, 32, 150, 2, (21, 22)): 0.08284240333040103
(26, 32, 150, 2, (22, 24)): 0.07402443576327815
(26, 32, 150, 3, (21, 22, 23)): 0.08530232054667125
(26, 32, 150, 3, (21, 23, 26)): 0.08468768982356983
(26, 32, 200, 1, (21,)): 0.04376331354880143
(26, 32, 200, 1, (22,)): 0.05330572927087725
(26, 32, 200, 1, (23,)): 0.05286328274763508
(26, 32, 200, 2, (21, 23)): 0.08178596831936018
(26, 32, 200, 2, (21, 22)): 0.07671340404597776
(26, 32, 200, 2, (22, 24)): 0.08166774479742038
(26, 32, 200, 3, (21, 22, 23)): 0.08178528872764
(26, 32, 200, 3, (21, 23, 26)): 0.08582926176006307
(26, 32, 300, 1, (21,)): 0.043556872240692907
(26, 32, 300, 1, (22,)): 0.057217181678328205
(26, 32, 300, 1, (23,)): 0.043158759668850855
(26, 32, 300, 2, (21, 23)): 0.07747556746759217
(26, 32, 300, 2, (21, 22)): 0.06447107661649613
(26, 32, 300, 2, (22, 24)): 0.06716993722623975
(26, 32, 300, 3, (21, 22, 23)): 0.07220194442575005
(26, 32, 300, 3, (21, 23, 26)): 0.06999602586432116
(26, 32, 500, 1, (21,)): 0.03310922907756767
(26, 32, 500, 1, (22,)): 0.036601062793761456
(26, 32, 500, 1, (23,)): 0.03232486439610546
(26, 32, 500, 2, (21, 23)): 0.04430262072279298
(26, 32, 500, 2, (21, 22)): 0.044787899977862713
(26, 32, 500, 2, (22, 24)): 0.04170179670517926
(26, 32, 500, 3, (21, 22, 23)): 0.06768678634533631
(26, 32, 500, 3, (21, 23, 26)): 0.056551157916340654
(26, 32, 700, 1, (21,)): 0.03594457187778655
(26, 32, 700, 1, (22,)): 0.03210765050085889
(26, 32, 700, 1, (23,)): 0.036498939375298384
(26, 32, 700, 2, (21, 23)): 0.03872302614528522
(26, 32, 700, 2, (21, 22)): 0.03363284546978681
(26, 32, 700, 2, (22, 24)): 0.03334143633572795
(26, 32, 700, 3, (21, 22, 23)): 0.04911853117844357
(26, 32, 700, 3, (21, 23, 26)): 0.0370770606904898
