(21, 3, 50, 1, (21,)): 0.033754341208719306
(21, 3, 50, 1, (22,)): 0.03689413805753551
(21, 3, 50, 1, (23,)): 0.02364837399212258
(21, 3, 50, 1, (24,)): 0.022598826581389633
(21, 3, 50, 1, (26,)): 0.021450950432601507
(21, 3, 50, 2, (21, 23)): 0.036278561427538165
(21, 3, 50, 2, (21, 22)): 0.03509986410815926
(21, 3, 50, 2, (22, 24)): 0.046655093316773075
(21, 3, 100, 1, (21,)): 0.023362288519293083
(21, 3, 100, 1, (22,)): 0.021022664036660664
(21, 3, 100, 1, (23,)): 0.02181226557216025
(21, 3, 100, 1, (24,)): 0.02325434409669612
(21, 3, 100, 1, (26,)): 0.02196077919785064
(21, 3, 100, 2, (21, 23)): 0.026710921576770498
(21, 3, 100, 2, (21, 22)): 0.02299068919089367
(21, 3, 100, 2, (22, 24)): 0.021569222099768047
(21, 3, 150, 1, (21,)): 0.02142938310532686
(21, 3, 150, 1, (22,)): 0.023601233243497017
(21, 3, 150, 1, (23,)): 0.022084870890398903
(21, 3, 150, 1, (24,)): 0.023254579927437524
(21, 3, 150, 1, (26,)): 0.02126734757594525
(21, 3, 150, 2, (21, 23)): 0.021806366860781762
(21, 3, 150, 2, (21, 22)): 0.021809681490946087
(21, 3, 150, 2, (22, 24)): 0.021797679438036326
(21, 3, 200, 1, (21,)): 0.02250452419429865
(21, 3, 200, 1, (22,)): 0.02253628581699752
(21, 3, 200, 1, (23,)): 0.021594776879977923
(21, 3, 200, 1, (24,)): 0.021844382653059328
(21, 3, 200, 1, (26,)): 0.022021132497516478
(21, 3, 200, 2, (21, 23)): 0.022117827530736694
(21, 3, 200, 2, (21, 22)): 0.021769683685959478
(21, 3, 200, 2, (22, 24)): 0.02199141059664759
(21, 3, 250, 1, (21,)): 0.023164165763045304
(21, 3, 250, 1, (22,)): 0.02354608182081044
(21, 3, 250, 1, (23,)): 0.022415245401184558
(21, 3, 250, 1, (24,)): 0.0222264626928586
(21, 3, 250, 1, (26,)): 0.02198652332641645
(21, 3, 250, 2, (21, 23)): 0.02186112561786967
(21, 3, 250, 2, (21, 22)): 0.02201238542220458
(21, 3, 250, 2, (22, 24)): 0.021704279717465143
(21, 3, 300, 1, (21,)): 0.021928291198756555
(21, 3, 300, 1, (22,)): 0.023391758284807846
(21, 3, 300, 1, (23,)): 0.02291242635134938
(21, 3, 300, 1, (24,)): 0.02262109752478586
(21, 3, 300, 1, (26,)): 0.022384691882827747
(21, 3, 300, 2, (21, 23)): 0.02188976005608114
(21, 3, 300, 2, (21, 22)): 0.021942171313630465
(21, 3, 300, 2, (22, 24)): 0.022052720897320365
(21, 5, 50, 1, (21,)): 0.02315215405225473
(21, 5, 50, 1, (22,)): 0.03685279126296849
(21, 5, 50, 1, (23,)): 0.023913951591829224
(21, 5, 50, 1, (24,)): 0.025765562117375667
(21, 5, 50, 1, (26,)): 0.023684135373010954
(21, 5, 50, 2, (21, 23)): 0.046514850629231164
(21, 5, 50, 2, (21, 22)): 0.045626176608639504
(21, 5, 50, 2, (22, 24)): 0.04885307153030425
(21, 5, 100, 1, (21,)): 0.02271974398655006
(21, 5, 100, 1, (22,)): 0.02318053670024513
(21, 5, 100, 1, (23,)): 0.02294999140528358
(21, 5, 100, 1, (24,)): 0.02395820732926944
(21, 5, 100, 1, (26,)): 0.02275161841622895
(21, 5, 100, 2, (21, 23)): 0.024269651433440058
(21, 5, 100, 2, (21, 22)): 0.026553701409331592
(21, 5, 100, 2, (22, 24)): 0.02851748277613476
(21, 5, 150, 1, (21,)): 0.02172950995980688
(21, 5, 150, 1, (22,)): 0.022078439793002596
(21, 5, 150, 1, (23,)): 0.022186402280519407
(21, 5, 150, 1, (24,)): 0.021317778760449158
(21, 5, 150, 1, (26,)): 0.021538204091310312
(21, 5, 150, 2, (21, 23)): 0.023171105121812773
(21, 5, 150, 2, (21, 22)): 0.02178159013392985
(21, 5, 150, 2, (22, 24)): 0.022011694093803623
(21, 5, 200, 1, (21,)): 0.02178187600639354
(21, 5, 200, 1, (22,)): 0.02244107793341033
(21, 5, 200, 1, (23,)): 0.0215620594124921
(21, 5, 200, 1, (24,)): 0.022646730442447204
(21, 5, 200, 1, (26,)): 0.02357001845398923
(21, 5, 200, 2, (21, 23)): 0.022651133873156475
(21, 5, 200, 2, (21, 22)): 0.021836448726410936
(21, 5, 200, 2, (22, 24)): 0.02161239819046277
(21, 5, 250, 1, (21,)): 0.022345184614177237
(21, 5, 250, 1, (22,)): 0.023187771218959173
(21, 5, 250, 1, (23,)): 0.02252898097224476
(21, 5, 250, 1, (24,)): 0.02157996084915793
(21, 5, 250, 1, (26,)): 0.022404279183889375
(21, 5, 250, 2, (21, 23)): 0.021937523072206498
(21, 5, 250, 2, (21, 22)): 0.021729949197658444
(21, 5, 250, 2, (22, 24)): 0.02207968253196746
(21, 5, 300, 1, (21,)): 0.022029519372125543
(21, 5, 300, 1, (22,)): 0.022574864709883253
(21, 5, 300, 1, (23,)): 0.021202439362485417
(21, 5, 300, 1, (24,)): 0.021559329049651098
(21, 5, 300, 1, (26,)): 0.022310306905714238
(21, 5, 300, 2, (21, 23)): 0.02201390335064121
(21, 5, 300, 2, (21, 22)): 0.02229581023140957
(21, 5, 300, 2, (22, 24)): 0.021842802691310365
(21, 8, 50, 1, (21,)): 0.03311936675117168
(21, 8, 50, 1, (22,)): 0.04564184711471063
(21, 8, 50, 1, (23,)): 0.03265698231742089
(21, 8, 50, 1, (24,)): 0.03062989683248523
(21, 8, 50, 1, (26,)): 0.040990631930358665
(21, 8, 50, 2, (21, 23)): 0.06026089270928633
(21, 8, 50, 2, (21, 22)): 0.05482557250722343
(21, 8, 50, 2, (22, 24)): 0.051739721059867724
(21, 8, 100, 1, (21,)): 0.022718101430898738
(21, 8, 100, 1, (22,)): 0.02082716290092645
(21, 8, 100, 1, (23,)): 0.024436256603692363
(21, 8, 100, 1, (24,)): 0.021385169259962138
(21, 8, 100, 1, (26,)): 0.025961169252777583
(21, 8, 100, 2, (21, 23)): 0.048072839665241826
(21, 8, 100, 2, (21, 22)): 0.05050787833041609
(21, 8, 100, 2, (22, 24)): 0.03556736059125315
(21, 8, 150, 1, (21,)): 0.02146294990318029
(21, 8, 150, 1, (22,)): 0.022023287862238457
(21, 8, 150, 1, (23,)): 0.02310512795055484
(21, 8, 150, 1, (24,)): 0.022781859928908178
(21, 8, 150, 1, (26,)): 0.02097565831369127
(21, 8, 150, 2, (21, 23)): 0.035200354806702125
(21, 8, 150, 2, (21, 22)): 0.04823167288595372
(21, 8, 150, 2, (22, 24)): 0.03786101062308909
(21, 8, 200, 1, (21,)): 0.02322377503816154
(21, 8, 200, 1, (22,)): 0.022319593662448838
(21, 8, 200, 1, (23,)): 0.022151383357050726
(21, 8, 200, 1, (24,)): 0.02215247274020584
(21, 8, 200, 1, (26,)): 0.022513304831399593
(21, 8, 200, 2, (21, 23)): 0.022207939351445004
(21, 8, 200, 2, (21, 22)): 0.021512300476653694
(21, 8, 200, 2, (22, 24)): 0.02343514113321706
(21, 8, 250, 1, (21,)): 0.021443693127371752
(21, 8, 250, 1, (22,)): 0.0227288255580875
(21, 8, 250, 1, (23,)): 0.021857500246079208
(21, 8, 250, 1, (24,)): 0.02295980162720048
(21, 8, 250, 1, (26,)): 0.022692150789959172
(21, 8, 250, 2, (21, 23)): 0.021637640064138867
(21, 8, 250, 2, (21, 22)): 0.022045621668488218
(21, 8, 250, 2, (22, 24)): 0.022113453427689677
(21, 8, 300, 1, (21,)): 0.022492876611323848
(21, 8, 300, 1, (22,)): 0.021925681666103196
(21, 8, 300, 1, (23,)): 0.02278587004661723
(21, 8, 300, 1, (24,)): 0.022761653641766424
(21, 8, 300, 1, (26,)): 0.02226519992975451
(21, 8, 300, 2, (21, 23)): 0.02218746690999107
(21, 8, 300, 2, (21, 22)): 0.021611958821269577
(21, 8, 300, 2, (22, 24)): 0.022201879156439158
(21, 16, 50, 1, (21,)): 0.03678001683132599
(21, 16, 50, 1, (22,)): 0.0635210646927864
(21, 16, 50, 1, (23,)): 0.04150043907926004
(21, 16, 50, 1, (24,)): 0.048129696661550175
(21, 16, 50, 1, (26,)): 0.03976266470169119
(21, 16, 50, 2, (21, 23)): 0.06485510534562507
(21, 16, 50, 2, (21, 22)): 0.06661909683531811
(21, 16, 50, 2, (22, 24)): 0.06692504941414988
(21, 16, 100, 1, (21,)): 0.023498445020121803
(21, 16, 100, 1, (22,)): 0.03906531255229877
(21, 16, 100, 1, (23,)): 0.027336556191331473
(21, 16, 100, 1, (24,)): 0.04612129044183998
(21, 16, 100, 1, (26,)): 0.033494832647729754
(21, 16, 100, 2, (21, 23)): 0.05187345712572551
(21, 16, 100, 2, (21, 22)): 0.054702891955621634
(21, 16, 100, 2, (22, 24)): 0.051621694272965146
(21, 16, 150, 1, (21,)): 0.04105544946009491
(21, 16, 150, 1, (22,)): 0.022596103012050298
(21, 16, 150, 1, (23,)): 0.029994876033034367
(21, 16, 150, 1, (24,)): 0.026473351917518186
(21, 16, 150, 1, (26,)): 0.027066332647163065
(21, 16, 150, 2, (21, 23)): 0.04857508345755672
(21, 16, 150, 2, (21, 22)): 0.04565588992766777
(21, 16, 150, 2, (22, 24)): 0.04047513464115574
(21, 16, 200, 1, (21,)): 0.027598591381368325
(21, 16, 200, 1, (22,)): 0.024434665035016696
(21, 16, 200, 1, (23,)): 0.023996940586852415
(21, 16, 200, 1, (24,)): 0.024507991456389037
(21, 16, 200, 1, (26,)): 0.02215751362287242
(21, 16, 200, 2, (21, 23)): 0.04414674753944527
(21, 16, 200, 2, (21, 22)): 0.04000263943587985
(21, 16, 200, 2, (22, 24)): 0.035637763721375816
(21, 16, 250, 1, (21,)): 0.02258117536147058
(21, 16, 250, 1, (22,)): 0.022397978310971296
(21, 16, 250, 1, (23,)): 0.02264557666143232
(21, 16, 250, 1, (24,)): 0.02269593322450558
(21, 16, 250, 1, (26,)): 0.022296933160973798
(21, 16, 250, 2, (21, 23)): 0.042555254530589816
(21, 16, 250, 2, (21, 22)): 0.026080509154357945
(21, 16, 250, 2, (22, 24)): 0.03327956978313092
(21, 16, 300, 1, (21,)): 0.02535361330599615
(21, 16, 300, 1, (22,)): 0.022249278317563896
(21, 16, 300, 1, (23,)): 0.022742369912434723
(21, 16, 300, 1, (24,)): 0.022645442921251834
(21, 16, 300, 1, (26,)): 0.023477329586713995
(21, 16, 300, 2, (21, 23)): 0.02289351833772133
(21, 16, 300, 2, (21, 22)): 0.025573732698703656
(21, 16, 300, 2, (22, 24)): 0.026681865772733772
(21, 32, 50, 1, (21,)): 0.06469870736216668
(21, 32, 50, 1, (22,)): 0.17925837458189747
(21, 32, 50, 1, (23,)): 0.04873030247359628
(21, 32, 50, 1, (24,)): 0.06778318816562198
(21, 32, 50, 1, (26,)): 0.05725064934556203
(21, 32, 50, 2, (21, 23)): 0.06953663078588572
(21, 32, 50, 2, (21, 22)): 0.07311425820739062
(21, 32, 50, 2, (22, 24)): 0.07098479531869942
(21, 32, 100, 1, (21,)): 0.025992128599695914
(21, 32, 100, 1, (22,)): 0.03511035325163188
(21, 32, 100, 1, (23,)): 0.034988487672241476
(21, 32, 100, 1, (24,)): 0.05257530348529475
(21, 32, 100, 1, (26,)): 0.050232140183731976
(21, 32, 100, 2, (21, 23)): 0.06445119921500583
(21, 32, 100, 2, (21, 22)): 0.06426692847386486
(21, 32, 100, 2, (22, 24)): 0.06621130564415867
(21, 32, 150, 1, (21,)): 0.07334383305733769
(21, 32, 150, 1, (22,)): 0.02087439268485228
(21, 32, 150, 1, (23,)): 0.04100785650284615
(21, 32, 150, 1, (24,)): 0.03281609258697722
(21, 32, 150, 1, (26,)): 0.03681323924095751
(21, 32, 150, 2, (21, 23)): 0.053872735683162774
(21, 32, 150, 2, (21, 22)): 0.06381556796105767
(21, 32, 150, 2, (22, 24)): 0.056113876205110644
(21, 32, 200, 1, (21,)): 0.022813217709607914
(21, 32, 200, 1, (22,)): 0.025042709085012427
(21, 32, 200, 1, (23,)): 0.02161970226776646
(21, 32, 200, 1, (24,)): 0.03432863573974741
(21, 32, 200, 1, (26,)): 0.03193193133098846
(21, 32, 200, 2, (21, 23)): 0.038825104908797294
(21, 32, 200, 2, (21, 22)): 0.05358980990875881
(21, 32, 200, 2, (22, 24)): 0.058929405486396746
(21, 32, 250, 1, (21,)): 0.02492480759283659
(21, 32, 250, 1, (22,)): 0.05028209671986792
(21, 32, 250, 1, (23,)): 0.02219846716567638
(21, 32, 250, 1, (24,)): 0.02556508914903652
(21, 32, 250, 1, (26,)): 0.027740210144756083
(21, 32, 250, 2, (21, 23)): 0.06546425485462945
(21, 32, 250, 2, (21, 22)): 0.05085638452686181
(21, 32, 250, 2, (22, 24)): 0.054639658180111
(21, 32, 300, 1, (21,)): 0.02343420545272547
(21, 32, 300, 1, (22,)): 0.02275145500543935
(21, 32, 300, 1, (23,)): 0.023901151018450018
(21, 32, 300, 1, (24,)): 0.023290297524713253
(21, 32, 300, 1, (26,)): 0.052707663949335314
(21, 32, 300, 2, (21, 23)): 0.03881199635959467
(21, 32, 300, 2, (21, 22)): 0.046375442787369735
(21, 32, 300, 2, (22, 24)): 0.04301465036152069
(22, 3, 50, 1, (21,)): 0.025359605129212502
(22, 3, 50, 1, (22,)): 0.023538235247752233
(22, 3, 50, 1, (23,)): 0.02279616250081376
(22, 3, 50, 1, (24,)): 0.02182374021381826
(22, 3, 50, 1, (26,)): 0.02400749219796764
(22, 3, 50, 2, (21, 23)): 0.03782351439096256
(22, 3, 50, 2, (21, 22)): 0.03328605740454067
(22, 3, 50, 2, (22, 24)): 0.02611345636167501
(22, 3, 100, 1, (21,)): 0.02224909227105859
(22, 3, 100, 1, (22,)): 0.021811667904321864
(22, 3, 100, 1, (23,)): 0.02834485358265188
(22, 3, 100, 1, (24,)): 0.023107443298900323
(22, 3, 100, 1, (26,)): 0.023653265775010576
(22, 3, 100, 2, (21, 23)): 0.021760981198636307
(22, 3, 100, 2, (21, 22)): 0.022180762575623684
(22, 3, 100, 2, (22, 24)): 0.022884911918649085
(22, 3, 150, 1, (21,)): 0.02293463474333008
(22, 3, 150, 1, (22,)): 0.021929701367041234
(22, 3, 150, 1, (23,)): 0.024598159780837188
(22, 3, 150, 1, (24,)): 0.022952802094590948
(22, 3, 150, 1, (26,)): 0.022110087781721445
(22, 3, 150, 2, (21, 23)): 0.021343192221146046
(22, 3, 150, 2, (21, 22)): 0.021617885414889147
(22, 3, 150, 2, (22, 24)): 0.02184417974872847
(22, 3, 200, 1, (21,)): 0.022041225307117107
(22, 3, 200, 1, (22,)): 0.021844727285683742
(22, 3, 200, 1, (23,)): 0.023124603899215834
(22, 3, 200, 1, (24,)): 0.02207306360001657
(22, 3, 200, 1, (26,)): 0.022379075930817373
(22, 3, 200, 2, (21, 23)): 0.021877333416323856
(22, 3, 200, 2, (21, 22)): 0.021570873545365427
(22, 3, 200, 2, (22, 24)): 0.022021391905322964
(22, 3, 250, 1, (21,)): 0.02212242107382886
(22, 3, 250, 1, (22,)): 0.022010095567431186
(22, 3, 250, 1, (23,)): 0.021465777871950528
(22, 3, 250, 1, (24,)): 0.022609548537963032
(22, 3, 250, 1, (26,)): 0.02318433580546027
(22, 3, 250, 2, (21, 23)): 0.02185301658376957
(22, 3, 250, 2, (21, 22)): 0.02221107586371167
(22, 3, 250, 2, (22, 24)): 0.022091009540222726
(22, 3, 300, 1, (21,)): 0.022136035395461717
(22, 3, 300, 1, (22,)): 0.02224929285135706
(22, 3, 300, 1, (23,)): 0.02205314888852825
(22, 3, 300, 1, (24,)): 0.02231702668489069
(22, 3, 300, 1, (26,)): 0.022769115464152705
(22, 3, 300, 2, (21, 23)): 0.022237528699168292
(22, 3, 300, 2, (21, 22)): 0.022048781706621483
(22, 3, 300, 2, (22, 24)): 0.021761511324300938
(22, 5, 50, 1, (21,)): 0.036348426802923064
(22, 5, 50, 1, (22,)): 0.03021755231643076
(22, 5, 50, 1, (23,)): 0.046477618370852
(22, 5, 50, 1, (24,)): 0.023390067075612125
(22, 5, 50, 1, (26,)): 0.021819222716485415
(22, 5, 50, 2, (21, 23)): 0.04781509402725967
(22, 5, 50, 2, (21, 22)): 0.0513040245753965
(22, 5, 50, 2, (22, 24)): 0.054091628700236406
(22, 5, 100, 1, (21,)): 0.024889439723408534
(22, 5, 100, 1, (22,)): 0.021089944230092687
(22, 5, 100, 1, (23,)): 0.022648745907572716
(22, 5, 100, 1, (24,)): 0.02272452403300383
(22, 5, 100, 1, (26,)): 0.02381108313283666
(22, 5, 100, 2, (21, 23)): 0.03051554005468382
(22, 5, 100, 2, (21, 22)): 0.027985248932576118
(22, 5, 100, 2, (22, 24)): 0.027582454185409423
(22, 5, 150, 1, (21,)): 0.022596820243855047
(22, 5, 150, 1, (22,)): 0.022835746215162555
(22, 5, 150, 1, (23,)): 0.022172850960368785
(22, 5, 150, 1, (24,)): 0.022017414155719915
(22, 5, 150, 1, (26,)): 0.0220031785276954
(22, 5, 150, 2, (21, 23)): 0.021710516859019004
(22, 5, 150, 2, (21, 22)): 0.0215436538104108
(22, 5, 150, 2, (22, 24)): 0.02197275017092628
(22, 5, 200, 1, (21,)): 0.022918210317976435
(22, 5, 200, 1, (22,)): 0.023605352483464643
(22, 5, 200, 1, (23,)): 0.02352577974977279
(22, 5, 200, 1, (24,)): 0.022637052215783136
(22, 5, 200, 1, (26,)): 0.022182093632096687
(22, 5, 200, 2, (21, 23)): 0.021509392415897232
(22, 5, 200, 2, (21, 22)): 0.021769260494960148
(22, 5, 200, 2, (22, 24)): 0.021771629404983846
(22, 5, 250, 1, (21,)): 0.022584777109741536
(22, 5, 250, 1, (22,)): 0.022273901801452986
(22, 5, 250, 1, (23,)): 0.022859746650961417
(22, 5, 250, 1, (24,)): 0.02311928846517843
(22, 5, 250, 1, (26,)): 0.02247728760407309
(22, 5, 250, 2, (21, 23)): 0.021775546147470945
(22, 5, 250, 2, (21, 22)): 0.021900619119861336
(22, 5, 250, 2, (22, 24)): 0.021894640892661667
(22, 5, 300, 1, (21,)): 0.022979026719645478
(22, 5, 300, 1, (22,)): 0.022762774252462155
(22, 5, 300, 1, (23,)): 0.02191049770033248
(22, 5, 300, 1, (24,)): 0.022528800689163953
(22, 5, 300, 1, (26,)): 0.022151610142212556
(22, 5, 300, 2, (21, 23)): 0.02218618264338677
(22, 5, 300, 2, (21, 22)): 0.021779697384864828
(22, 5, 300, 2, (22, 24)): 0.02183981174067153
(22, 8, 50, 1, (21,)): 0.02908019126840537
(22, 8, 50, 1, (22,)): 0.02840043513477865
(22, 8, 50, 1, (23,)): 0.03367718990146876
(22, 8, 50, 1, (24,)): 0.022252569984981187
(22, 8, 50, 1, (26,)): 0.024792744691126484
(22, 8, 50, 2, (21, 23)): 0.05501491303464777
(22, 8, 50, 2, (21, 22)): 0.05823696023110013
(22, 8, 50, 2, (22, 24)): 0.05701137279814161
(22, 8, 100, 1, (21,)): 0.02180285176084063
(22, 8, 100, 1, (22,)): 0.02232136454012141
(22, 8, 100, 1, (23,)): 0.024142441762141493
(22, 8, 100, 1, (24,)): 0.02530848103629197
(22, 8, 100, 1, (26,)): 0.021419714893506175
(22, 8, 100, 2, (21, 23)): 0.02631171788915948
(22, 8, 100, 2, (21, 22)): 0.04772507925865842
(22, 8, 100, 2, (22, 24)): 0.04623684649180861
(22, 8, 150, 1, (21,)): 0.022324432449738627
(22, 8, 150, 1, (22,)): 0.023171720559520693
(22, 8, 150, 1, (23,)): 0.02388726873853373
(22, 8, 150, 1, (24,)): 0.022473791080722193
(22, 8, 150, 1, (26,)): 0.023051934986005822
(22, 8, 150, 2, (21, 23)): 0.04074665654696129
(22, 8, 150, 2, (21, 22)): 0.02356423002707992
(22, 8, 150, 2, (22, 24)): 0.033153197251876376
(22, 8, 200, 1, (21,)): 0.021736433215442087
(22, 8, 200, 1, (22,)): 0.02127058906467126
(22, 8, 200, 1, (23,)): 0.023003715692502515
(22, 8, 200, 1, (24,)): 0.02223083752801246
(22, 8, 200, 1, (26,)): 0.023159964344883443
(22, 8, 200, 2, (21, 23)): 0.023126599185618896
(22, 8, 200, 2, (21, 22)): 0.021622514290401827
(22, 8, 200, 2, (22, 24)): 0.022078310689308198
(22, 8, 250, 1, (21,)): 0.022247040052535083
(22, 8, 250, 1, (22,)): 0.022071168633490106
(22, 8, 250, 1, (23,)): 0.022552320332219062
(22, 8, 250, 1, (24,)): 0.02177102586490536
(22, 8, 250, 1, (26,)): 0.022536599933358183
(22, 8, 250, 2, (21, 23)): 0.021741205252671675
(22, 8, 250, 2, (21, 22)): 0.02188866259623781
(22, 8, 250, 2, (22, 24)): 0.022830673292448218
(22, 8, 300, 1, (21,)): 0.02170498830509094
(22, 8, 300, 1, (22,)): 0.022500377985630083
(22, 8, 300, 1, (23,)): 0.0228128107174151
(22, 8, 300, 1, (24,)): 0.02316725418097183
(22, 8, 300, 1, (26,)): 0.0213291243515188
(22, 8, 300, 2, (21, 23)): 0.021687566474899757
(22, 8, 300, 2, (21, 22)): 0.022117390505942556
(22, 8, 300, 2, (22, 24)): 0.021783148043119947
(22, 16, 50, 1, (21,)): 0.08617006849584966
(22, 16, 50, 1, (22,)): 0.032021954931833595
(22, 16, 50, 1, (23,)): 0.04102111697423033
(22, 16, 50, 1, (24,)): 0.06780977833895582
(22, 16, 50, 1, (26,)): 0.04848297520499094
(22, 16, 50, 2, (21, 23)): 0.06931534925973307
(22, 16, 50, 2, (21, 22)): 0.06864452237278007
(22, 16, 50, 2, (22, 24)): 0.06381354033868909
(22, 16, 100, 1, (21,)): 0.049535507259952205
(22, 16, 100, 1, (22,)): 0.039853812280444434
(22, 16, 100, 1, (23,)): 0.03480176894446803
(22, 16, 100, 1, (24,)): 0.04620724669115872
(22, 16, 100, 1, (26,)): 0.026134603964888647
(22, 16, 100, 2, (21, 23)): 0.0585951666815686
(22, 16, 100, 2, (21, 22)): 0.057298539950967634
(22, 16, 100, 2, (22, 24)): 0.05561458905332941
(22, 16, 150, 1, (21,)): 0.026005247055615605
(22, 16, 150, 1, (22,)): 0.029464972450900666
(22, 16, 150, 1, (23,)): 0.05256246484221202
(22, 16, 150, 1, (24,)): 0.030622488180205288
(22, 16, 150, 1, (26,)): 0.022307860011496358
(22, 16, 150, 2, (21, 23)): 0.05416366253141154
(22, 16, 150, 2, (21, 22)): 0.04751675514932253
(22, 16, 150, 2, (22, 24)): 0.051098630986544415
(22, 16, 200, 1, (21,)): 0.023747321146387786
(22, 16, 200, 1, (22,)): 0.02179860304737591
(22, 16, 200, 1, (23,)): 0.02099943026981791
(22, 16, 200, 1, (24,)): 0.021802465530328455
(22, 16, 200, 1, (26,)): 0.022082742508701632
(22, 16, 200, 2, (21, 23)): 0.047163889052028986
(22, 16, 200, 2, (21, 22)): 0.04229681335142367
(22, 16, 200, 2, (22, 24)): 0.034219393594212055
(22, 16, 250, 1, (21,)): 0.023559162307363674
(22, 16, 250, 1, (22,)): 0.022037084521021037
(22, 16, 250, 1, (23,)): 0.043794441028089943
(22, 16, 250, 1, (24,)): 0.021839100882814454
(22, 16, 250, 1, (26,)): 0.022515360765990554
(22, 16, 250, 2, (21, 23)): 0.02559841108325256
(22, 16, 250, 2, (21, 22)): 0.030213851290444155
(22, 16, 250, 2, (22, 24)): 0.029618584271448683
(22, 16, 300, 1, (21,)): 0.022121330977865707
(22, 16, 300, 1, (22,)): 0.02274824249479738
(22, 16, 300, 1, (23,)): 0.02143776282082497
(22, 16, 300, 1, (24,)): 0.021743915853711927
(22, 16, 300, 1, (26,)): 0.022535386061807498
(22, 16, 300, 2, (21, 23)): 0.03201798293362916
(22, 16, 300, 2, (21, 22)): 0.030349531162530273
(22, 16, 300, 2, (22, 24)): 0.026243241081298503
(22, 32, 50, 1, (21,)): 0.030374204615201527
(22, 32, 50, 1, (22,)): 0.0789431380886714
(22, 32, 50, 1, (23,)): 0.029674324979973944
(22, 32, 50, 1, (24,)): 0.06306745948611389
(22, 32, 50, 1, (26,)): 0.06208655404466745
(22, 32, 50, 2, (21, 23)): 0.07254112761254201
(22, 32, 50, 2, (21, 22)): 0.07087207848215239
(22, 32, 50, 2, (22, 24)): 0.06783603687657738
(22, 32, 100, 1, (21,)): 0.03160999286298828
(22, 32, 100, 1, (22,)): 0.05950568829918788
(22, 32, 100, 1, (23,)): 0.03487059201306155
(22, 32, 100, 1, (24,)): 0.02497994779245361
(22, 32, 100, 1, (26,)): 0.04646185668390082
(22, 32, 100, 2, (21, 23)): 0.06718292227502065
(22, 32, 100, 2, (21, 22)): 0.07046196172396209
(22, 32, 100, 2, (22, 24)): 0.06662586874778306
(22, 32, 150, 1, (21,)): 0.03985396369744644
(22, 32, 150, 1, (22,)): 0.023436107441028232
(22, 32, 150, 1, (23,)): 0.05421410074802456
(22, 32, 150, 1, (24,)): 0.054451025287442834
(22, 32, 150, 1, (26,)): 0.05462996696506286
(22, 32, 150, 2, (21, 23)): 0.058532931259464994
(22, 32, 150, 2, (21, 22)): 0.055376444695453095
(22, 32, 150, 2, (22, 24)): 0.05996111914426243
(22, 32, 200, 1, (21,)): 0.021495432398187235
(22, 32, 200, 1, (22,)): 0.022199485619673772
(22, 32, 200, 1, (23,)): 0.04752992197125376
(22, 32, 200, 1, (24,)): 0.05514097590490158
(22, 32, 200, 1, (26,)): 0.02249585740841099
(22, 32, 200, 2, (21, 23)): 0.05920308194184304
(22, 32, 200, 2, (21, 22)): 0.05030507373277038
(22, 32, 200, 2, (22, 24)): 0.06123870142862988
(22, 32, 250, 1, (21,)): 0.03291441559041607
(22, 32, 250, 1, (22,)): 0.041745423971834936
(22, 32, 250, 1, (23,)): 0.0249264349982166
(22, 32, 250, 1, (24,)): 0.025209931846346224
(22, 32, 250, 1, (26,)): 0.02646927313800095
(22, 32, 250, 2, (21, 23)): 0.03603114837669858
(22, 32, 250, 2, (21, 22)): 0.05502704588987337
(22, 32, 250, 2, (22, 24)): 0.045771138456600455
(22, 32, 300, 1, (21,)): 0.024260924105758717
(22, 32, 300, 1, (22,)): 0.02373901104050164
(22, 32, 300, 1, (23,)): 0.023646550546840568
(22, 32, 300, 1, (24,)): 0.02537782293203237
(22, 32, 300, 1, (26,)): 0.02318113338672049
(22, 32, 300, 2, (21, 23)): 0.04442907551234497
(22, 32, 300, 2, (21, 22)): 0.04074742607609721
(22, 32, 300, 2, (22, 24)): 0.05009861654877963
(23, 3, 50, 1, (21,)): 0.02310885692335733
(23, 3, 50, 1, (22,)): 0.023735909461296167
(23, 3, 50, 1, (23,)): 0.024665070902267335
(23, 3, 50, 1, (24,)): 0.023577584462266828
(23, 3, 50, 1, (26,)): 0.02535436019113559
(23, 3, 50, 2, (21, 23)): 0.03788029022692592
(23, 3, 50, 2, (21, 22)): 0.0380279990536911
(23, 3, 50, 2, (22, 24)): 0.05157351154055837
(23, 3, 100, 1, (21,)): 0.021645137724539243
(23, 3, 100, 1, (22,)): 0.02240952142206578
(23, 3, 100, 1, (23,)): 0.02201010073693359
(23, 3, 100, 1, (24,)): 0.02230022483272474
(23, 3, 100, 1, (26,)): 0.02089136948900982
(23, 3, 100, 2, (21, 23)): 0.02549286572893116
(23, 3, 100, 2, (21, 22)): 0.021623566231276932
(23, 3, 100, 2, (22, 24)): 0.022073074899988228
(23, 3, 150, 1, (21,)): 0.022253141530095152
(23, 3, 150, 1, (22,)): 0.022239290166330607
(23, 3, 150, 1, (23,)): 0.021431144866588554
(23, 3, 150, 1, (24,)): 0.02260851359910775
(23, 3, 150, 1, (26,)): 0.023010512467058465
(23, 3, 150, 2, (21, 23)): 0.021828077236206445
(23, 3, 150, 2, (21, 22)): 0.02168093720717416
(23, 3, 150, 2, (22, 24)): 0.021509463827519525
(23, 3, 200, 1, (21,)): 0.022530778447702328
(23, 3, 200, 1, (22,)): 0.022838120962369673
(23, 3, 200, 1, (23,)): 0.023122924637517177
(23, 3, 200, 1, (24,)): 0.02206571979567539
(23, 3, 200, 1, (26,)): 0.022505165487267654
(23, 3, 200, 2, (21, 23)): 0.022162303273613005
(23, 3, 200, 2, (21, 22)): 0.02183562088119412
(23, 3, 200, 2, (22, 24)): 0.022210940750254773
(23, 3, 250, 1, (21,)): 0.023377757902070494
(23, 3, 250, 1, (22,)): 0.02310844390637901
(23, 3, 250, 1, (23,)): 0.022402974983762307
(23, 3, 250, 1, (24,)): 0.02263053270384219
(23, 3, 250, 1, (26,)): 0.023038916773845494
(23, 3, 250, 2, (21, 23)): 0.022187328570401628
(23, 3, 250, 2, (21, 22)): 0.022045384651778393
(23, 3, 250, 2, (22, 24)): 0.021874452672096156
(23, 3, 300, 1, (21,)): 0.022539168091382754
(23, 3, 300, 1, (22,)): 0.02189515037966329
(23, 3, 300, 1, (23,)): 0.022340506547066506
(23, 3, 300, 1, (24,)): 0.02305408035478374
(23, 3, 300, 1, (26,)): 0.022425143971634837
(23, 3, 300, 2, (21, 23)): 0.022193223234481443
(23, 3, 300, 2, (21, 22)): 0.022166413141286263
(23, 3, 300, 2, (22, 24)): 0.0220275997599295
(23, 5, 50, 1, (21,)): 0.040460040000817085
(23, 5, 50, 1, (22,)): 0.038637511262750376
(23, 5, 50, 1, (23,)): 0.03451773491690959
(23, 5, 50, 1, (24,)): 0.023168970342231927
(23, 5, 50, 1, (26,)): 0.02377735347910892
(23, 5, 50, 2, (21, 23)): 0.05036633991914831
(23, 5, 50, 2, (21, 22)): 0.0461753495887378
(23, 5, 50, 2, (22, 24)): 0.04535202882209191
(23, 5, 100, 1, (21,)): 0.021380114055108018
(23, 5, 100, 1, (22,)): 0.02275106104726829
(23, 5, 100, 1, (23,)): 0.02270209819182612
(23, 5, 100, 1, (24,)): 0.02205519586481835
(23, 5, 100, 1, (26,)): 0.02268905605198494
(23, 5, 100, 2, (21, 23)): 0.02612912296411297
(23, 5, 100, 2, (21, 22)): 0.02686930445796832
(23, 5, 100, 2, (22, 24)): 0.02553593488989171
(23, 5, 150, 1, (21,)): 0.02189841089915026
(23, 5, 150, 1, (22,)): 0.02199494336743476
(23, 5, 150, 1, (23,)): 0.02209907201988403
(23, 5, 150, 1, (24,)): 0.022333578746767058
(23, 5, 150, 1, (26,)): 0.022435011803338782
(23, 5, 150, 2, (21, 23)): 0.02153672211667551
(23, 5, 150, 2, (21, 22)): 0.02484840972704628
(23, 5, 150, 2, (22, 24)): 0.021584636108662174
(23, 5, 200, 1, (21,)): 0.022607284294426544
(23, 5, 200, 1, (22,)): 0.022428919153181025
(23, 5, 200, 1, (23,)): 0.021418351390916572
(23, 5, 200, 1, (24,)): 0.02239656194420818
(23, 5, 200, 1, (26,)): 0.021169860065296923
(23, 5, 200, 2, (21, 23)): 0.02179574653193624
(23, 5, 200, 2, (21, 22)): 0.021949657792792947
(23, 5, 200, 2, (22, 24)): 0.021979713842801264
(23, 5, 250, 1, (21,)): 0.02252726273288978
(23, 5, 250, 1, (22,)): 0.022994926499981146
(23, 5, 250, 1, (23,)): 0.022839508231281967
(23, 5, 250, 1, (24,)): 0.022065077282811867
(23, 5, 250, 1, (26,)): 0.023187020643713425
(23, 5, 250, 2, (21, 23)): 0.022136106881140042
(23, 5, 250, 2, (21, 22)): 0.02174924250930483
(23, 5, 250, 2, (22, 24)): 0.02176251171960958
(23, 5, 300, 1, (21,)): 0.02372660559586252
(23, 5, 300, 1, (22,)): 0.023080438607550113
(23, 5, 300, 1, (23,)): 0.02417247325028021
(23, 5, 300, 1, (24,)): 0.02339401479958534
(23, 5, 300, 1, (26,)): 0.023716185560942404
(23, 5, 300, 2, (21, 23)): 0.021750847240113606
(23, 5, 300, 2, (21, 22)): 0.02204221450711686
(23, 5, 300, 2, (22, 24)): 0.02202627891165041
(23, 8, 50, 1, (21,)): 0.03362133427642252
(23, 8, 50, 1, (22,)): 0.05722021369801561
(23, 8, 50, 1, (23,)): 0.02567081777750122
(23, 8, 50, 1, (24,)): 0.025353734307236902
(23, 8, 50, 1, (26,)): 0.022888753364405535
(23, 8, 50, 2, (21, 23)): 0.062307875169315755
(23, 8, 50, 2, (21, 22)): 0.05057587555888761
(23, 8, 50, 2, (22, 24)): 0.057744721262528366
(23, 8, 100, 1, (21,)): 0.03158592107726157
(23, 8, 100, 1, (22,)): 0.022544155591903224
(23, 8, 100, 1, (23,)): 0.02492732871739393
(23, 8, 100, 1, (24,)): 0.022651480414173312
(23, 8, 100, 1, (26,)): 0.022709388302439647
(23, 8, 100, 2, (21, 23)): 0.037413845768794626
(23, 8, 100, 2, (21, 22)): 0.04023057866426044
(23, 8, 100, 2, (22, 24)): 0.0336112806543701
(23, 8, 150, 1, (21,)): 0.02172922769023967
(23, 8, 150, 1, (22,)): 0.02208593910813894
(23, 8, 150, 1, (23,)): 0.02127828365488636
(23, 8, 150, 1, (24,)): 0.02194165613686446
(23, 8, 150, 1, (26,)): 0.021991304326623454
(23, 8, 150, 2, (21, 23)): 0.023918424107574908
(23, 8, 150, 2, (21, 22)): 0.030137533102178714
(23, 8, 150, 2, (22, 24)): 0.02480016565387623
(23, 8, 200, 1, (21,)): 0.022789965142871987
(23, 8, 200, 1, (22,)): 0.02221238382318687
(23, 8, 200, 1, (23,)): 0.022907636321525367
(23, 8, 200, 1, (24,)): 0.02174917747770131
(23, 8, 200, 1, (26,)): 0.021885438367136346
(23, 8, 200, 2, (21, 23)): 0.022028747235057492
(23, 8, 200, 2, (21, 22)): 0.021440650917234776
(23, 8, 200, 2, (22, 24)): 0.02168552508313861
(23, 8, 250, 1, (21,)): 0.02308076267851196
(23, 8, 250, 1, (22,)): 0.022526317731726225
(23, 8, 250, 1, (23,)): 0.02295499675463968
(23, 8, 250, 1, (24,)): 0.022120491831019655
(23, 8, 250, 1, (26,)): 0.02195206325920194
(23, 8, 250, 2, (21, 23)): 0.021489181038282627
(23, 8, 250, 2, (21, 22)): 0.021503203266453563
(23, 8, 250, 2, (22, 24)): 0.022384650945402935
(23, 8, 300, 1, (21,)): 0.022221735433823525
(23, 8, 300, 1, (22,)): 0.02300625565321761
(23, 8, 300, 1, (23,)): 0.022918337455042192
(23, 8, 300, 1, (24,)): 0.021848595096041527
(23, 8, 300, 1, (26,)): 0.022864399783138933
(23, 8, 300, 2, (21, 23)): 0.021547723158103597
(23, 8, 300, 2, (21, 22)): 0.02174306830781222
(23, 8, 300, 2, (22, 24)): 0.021713044287373837
(23, 16, 50, 1, (21,)): 0.08700388311505954
(23, 16, 50, 1, (22,)): 0.024412707274854874
(23, 16, 50, 1, (23,)): 0.030400524362927644
(23, 16, 50, 1, (24,)): 0.0434660905333889
(23, 16, 50, 1, (26,)): 0.06800011126293673
(23, 16, 50, 2, (21, 23)): 0.06810378821862839
(23, 16, 50, 2, (21, 22)): 0.06533771662072554
(23, 16, 50, 2, (22, 24)): 0.07259708372180372
(23, 16, 100, 1, (21,)): 0.03159443699902316
(23, 16, 100, 1, (22,)): 0.05940841327787587
(23, 16, 100, 1, (23,)): 0.03757407859246536
(23, 16, 100, 1, (24,)): 0.025857950739861486
(23, 16, 100, 1, (26,)): 0.02561587376014703
(23, 16, 100, 2, (21, 23)): 0.04885816148405163
(23, 16, 100, 2, (21, 22)): 0.05621196363620938
(23, 16, 100, 2, (22, 24)): 0.058919942431207815
(23, 16, 150, 1, (21,)): 0.023577851101877836
(23, 16, 150, 1, (22,)): 0.030705894842213022
(23, 16, 150, 1, (23,)): 0.02182380411140302
(23, 16, 150, 1, (24,)): 0.02320329113352333
(23, 16, 150, 1, (26,)): 0.021145106820833835
(23, 16, 150, 2, (21, 23)): 0.05686621191521006
(23, 16, 150, 2, (21, 22)): 0.054102858708907554
(23, 16, 150, 2, (22, 24)): 0.04770334286654959
(23, 16, 200, 1, (21,)): 0.02106575249534911
(23, 16, 200, 1, (22,)): 0.022059985437932854
(23, 16, 200, 1, (23,)): 0.02191039198253932
(23, 16, 200, 1, (24,)): 0.02372980113954374
(23, 16, 200, 1, (26,)): 0.021956815957048164
(23, 16, 200, 2, (21, 23)): 0.03319317050362881
(23, 16, 200, 2, (21, 22)): 0.050810938008787686
(23, 16, 200, 2, (22, 24)): 0.04232012802436215
(23, 16, 250, 1, (21,)): 0.021650557853451845
(23, 16, 250, 1, (22,)): 0.02049505443334593
(23, 16, 250, 1, (23,)): 0.022390557095641014
(23, 16, 250, 1, (24,)): 0.0216566268632171
(23, 16, 250, 1, (26,)): 0.021616899448473687
(23, 16, 250, 2, (21, 23)): 0.03616193144367422
(23, 16, 250, 2, (21, 22)): 0.026404670813940507
(23, 16, 250, 2, (22, 24)): 0.0296334896589353
(23, 16, 300, 1, (21,)): 0.021530590634376446
(23, 16, 300, 1, (22,)): 0.022813697381706324
(23, 16, 300, 1, (23,)): 0.021011134289929477
(23, 16, 300, 1, (24,)): 0.02204669002044324
(23, 16, 300, 1, (26,)): 0.02319368120733712
(23, 16, 300, 2, (21, 23)): 0.02404827456251482
(23, 16, 300, 2, (21, 22)): 0.023157658671210786
(23, 16, 300, 2, (22, 24)): 0.02388786410092918
(23, 32, 50, 1, (21,)): 0.09549355539210089
(23, 32, 50, 1, (22,)): 0.07803204212445843
(23, 32, 50, 1, (23,)): 0.03637110699682829
(23, 32, 50, 1, (24,)): 0.07514999160219307
(23, 32, 50, 1, (26,)): 0.05847762707970956
(23, 32, 50, 2, (21, 23)): 0.06918030822100545
(23, 32, 50, 2, (21, 22)): 0.0697824362812157
(23, 32, 50, 2, (22, 24)): 0.06776669051812798
(23, 32, 100, 1, (21,)): 0.08140702063230197
(23, 32, 100, 1, (22,)): 0.038272171613455155
(23, 32, 100, 1, (23,)): 0.06236111932984454
(23, 32, 100, 1, (24,)): 0.026681139099014196
(23, 32, 100, 1, (26,)): 0.06934649465440777
(23, 32, 100, 2, (21, 23)): 0.06526329062957523
(23, 32, 100, 2, (21, 22)): 0.06420004754384594
(23, 32, 100, 2, (22, 24)): 0.0707525451642143
(23, 32, 150, 1, (21,)): 0.05622519612618675
(23, 32, 150, 1, (22,)): 0.02424351123063711
(23, 32, 150, 1, (23,)): 0.026695807303014806
(23, 32, 150, 1, (24,)): 0.04570370948344674
(23, 32, 150, 1, (26,)): 0.039939042103580326
(23, 32, 150, 2, (21, 23)): 0.060775960708520316
(23, 32, 150, 2, (21, 22)): 0.06478484137074395
(23, 32, 150, 2, (22, 24)): 0.061072985043705605
(23, 32, 200, 1, (21,)): 0.02666795295910382
(23, 32, 200, 1, (22,)): 0.022549896183083708
(23, 32, 200, 1, (23,)): 0.0297345857924323
(23, 32, 200, 1, (24,)): 0.05015872813648459
(23, 32, 200, 1, (26,)): 0.025350633882410413
(23, 32, 200, 2, (21, 23)): 0.059702507493233845
(23, 32, 200, 2, (21, 22)): 0.04988360407274308
(23, 32, 200, 2, (22, 24)): 0.06063604437696912
(23, 32, 250, 1, (21,)): 0.03996087535415212
(23, 32, 250, 1, (22,)): 0.0321244182460661
(23, 32, 250, 1, (23,)): 0.023731689821197194
(23, 32, 250, 1, (24,)): 0.022720857929293063
(23, 32, 250, 1, (26,)): 0.022816094699169436
(23, 32, 250, 2, (21, 23)): 0.06056085709564889
(23, 32, 250, 2, (21, 22)): 0.05049568254486832
(23, 32, 250, 2, (22, 24)): 0.050054550403495726
(23, 32, 300, 1, (21,)): 0.022258911396278856
(23, 32, 300, 1, (22,)): 0.023882055442128604
(23, 32, 300, 1, (23,)): 0.02379375366599188
(23, 32, 300, 1, (24,)): 0.02368367463574183
(23, 32, 300, 1, (26,)): 0.02389990772152964
(23, 32, 300, 2, (21, 23)): 0.05377726275518181
(23, 32, 300, 2, (21, 22)): 0.03552134948564288
(23, 32, 300, 2, (22, 24)): 0.04377970704252594
(24, 3, 50, 1, (21,)): 0.022773977224248742
(24, 3, 50, 1, (22,)): 0.022169134276950657
(24, 3, 50, 1, (23,)): 0.02225874440065319
(24, 3, 50, 1, (24,)): 0.021551269888333197
(24, 3, 50, 1, (26,)): 0.02276803687177554
(24, 3, 50, 2, (21, 23)): 0.02798318497062936
(24, 3, 50, 2, (21, 22)): 0.03174440095763238
(24, 3, 50, 2, (22, 24)): 0.032734090331742884
(24, 3, 100, 1, (21,)): 0.022416956831997466
(24, 3, 100, 1, (22,)): 0.022771141989357
(24, 3, 100, 1, (23,)): 0.022269685330863754
(24, 3, 100, 1, (24,)): 0.022219705435223877
(24, 3, 100, 1, (26,)): 0.02274955913402859
(24, 3, 100, 2, (21, 23)): 0.02416964566911147
(24, 3, 100, 2, (21, 22)): 0.023889627441904582
(24, 3, 100, 2, (22, 24)): 0.021633790144900893
(24, 3, 150, 1, (21,)): 0.021809421870249528
(24, 3, 150, 1, (22,)): 0.02370739414272969
(24, 3, 150, 1, (23,)): 0.022250234545260178
(24, 3, 150, 1, (24,)): 0.022196032181131035
(24, 3, 150, 1, (26,)): 0.02212287791496035
(24, 3, 150, 2, (21, 23)): 0.0217876653855899
(24, 3, 150, 2, (21, 22)): 0.022074249552751245
(24, 3, 150, 2, (22, 24)): 0.02190341703630839
(24, 3, 200, 1, (21,)): 0.023169682577491767
(24, 3, 200, 1, (22,)): 0.023338577472194044
(24, 3, 200, 1, (23,)): 0.021658801832093556
(24, 3, 200, 1, (24,)): 0.022136607352806738
(24, 3, 200, 1, (26,)): 0.02145616946667748
(24, 3, 200, 2, (21, 23)): 0.022350151149629422
(24, 3, 200, 2, (21, 22)): 0.022176768247999672
(24, 3, 200, 2, (22, 24)): 0.02174244753299918
(24, 3, 250, 1, (21,)): 0.022747519375604836
(24, 3, 250, 1, (22,)): 0.023522505440571558
(24, 3, 250, 1, (23,)): 0.02240989948307667
(24, 3, 250, 1, (24,)): 0.022608985508156924
(24, 3, 250, 1, (26,)): 0.023569403188931404
(24, 3, 250, 2, (21, 23)): 0.022182681911793737
(24, 3, 250, 2, (21, 22)): 0.02212798813029316
(24, 3, 250, 2, (22, 24)): 0.02239029502607258
(24, 3, 300, 1, (21,)): 0.02282504851642749
(24, 3, 300, 1, (22,)): 0.021790783429725936
(24, 3, 300, 1, (23,)): 0.02189134205874534
(24, 3, 300, 1, (24,)): 0.023302195042207603
(24, 3, 300, 1, (26,)): 0.023025449569552735
(24, 3, 300, 2, (21, 23)): 0.022058192145390614
(24, 3, 300, 2, (21, 22)): 0.021965798849573205
(24, 3, 300, 2, (22, 24)): 0.022020590835445303
(24, 5, 50, 1, (21,)): 0.03406245614441813
(24, 5, 50, 1, (22,)): 0.02545634066654896
(24, 5, 50, 1, (23,)): 0.026580682481934598
(24, 5, 50, 1, (24,)): 0.02520654563821762
(24, 5, 50, 1, (26,)): 0.025581716211383852
(24, 5, 50, 2, (21, 23)): 0.052382996323101796
(24, 5, 50, 2, (21, 22)): 0.05989478773383542
(24, 5, 50, 2, (22, 24)): 0.04173791880025115
(24, 5, 100, 1, (21,)): 0.02323265255084911
(24, 5, 100, 1, (22,)): 0.022173544290370127
(24, 5, 100, 1, (23,)): 0.022511468347122233
(24, 5, 100, 1, (24,)): 0.021565845776587638
(24, 5, 100, 1, (26,)): 0.021627300210820582
(24, 5, 100, 2, (21, 23)): 0.03188586302418549
(24, 5, 100, 2, (21, 22)): 0.030903229941351064
(24, 5, 100, 2, (22, 24)): 0.04046076914255583
(24, 5, 150, 1, (21,)): 0.022558113473786466
(24, 5, 150, 1, (22,)): 0.02379129179023119
(24, 5, 150, 1, (23,)): 0.02371175759918611
(24, 5, 150, 1, (24,)): 0.021407889698148226
(24, 5, 150, 1, (26,)): 0.022649070699433352
(24, 5, 150, 2, (21, 23)): 0.02273270644210847
(24, 5, 150, 2, (21, 22)): 0.021840518611136624
(24, 5, 150, 2, (22, 24)): 0.02274884068338043
(24, 5, 200, 1, (21,)): 0.023949959936243704
(24, 5, 200, 1, (22,)): 0.021914966997798085
(24, 5, 200, 1, (23,)): 0.02158803349189601
(24, 5, 200, 1, (24,)): 0.02181685279519589
(24, 5, 200, 1, (26,)): 0.02206282786927373
(24, 5, 200, 2, (21, 23)): 0.022058606780329792
(24, 5, 200, 2, (21, 22)): 0.02179689675462152
(24, 5, 200, 2, (22, 24)): 0.02153026228798175
(24, 5, 250, 1, (21,)): 0.021952284717825253
(24, 5, 250, 1, (22,)): 0.02217810456106068
(24, 5, 250, 1, (23,)): 0.022702426409814368
(24, 5, 250, 1, (24,)): 0.02355776782590964
(24, 5, 250, 1, (26,)): 0.021759811481421646
(24, 5, 250, 2, (21, 23)): 0.022209447034858977
(24, 5, 250, 2, (21, 22)): 0.022064984556242267
(24, 5, 250, 2, (22, 24)): 0.021663387210987723
(24, 5, 300, 1, (21,)): 0.02236544606994839
(24, 5, 300, 1, (22,)): 0.022436034569252812
(24, 5, 300, 1, (23,)): 0.02282989613681802
(24, 5, 300, 1, (24,)): 0.022318555853806737
(24, 5, 300, 1, (26,)): 0.022082977679234523
(24, 5, 300, 2, (21, 23)): 0.02202209072249215
(24, 5, 300, 2, (21, 22)): 0.02233775452175052
(24, 5, 300, 2, (22, 24)): 0.022078917132640673
(24, 8, 50, 1, (21,)): 0.03701332291863356
(24, 8, 50, 1, (22,)): 0.029905776267893626
(24, 8, 50, 1, (23,)): 0.031463501727614744
(24, 8, 50, 1, (24,)): 0.0261706952265958
(24, 8, 50, 1, (26,)): 0.05897124142675466
(24, 8, 50, 2, (21, 23)): 0.05847462648902102
(24, 8, 50, 2, (21, 22)): 0.05356673206678124
(24, 8, 50, 2, (22, 24)): 0.06002584430254686
(24, 8, 100, 1, (21,)): 0.023421944926910694
(24, 8, 100, 1, (22,)): 0.021758736779871328
(24, 8, 100, 1, (23,)): 0.04029120145471023
(24, 8, 100, 1, (24,)): 0.022916828647653608
(24, 8, 100, 1, (26,)): 0.022289145711410184
(24, 8, 100, 2, (21, 23)): 0.048970391261976456
(24, 8, 100, 2, (21, 22)): 0.043152720676657826
(24, 8, 100, 2, (22, 24)): 0.05788465158311064
(24, 8, 150, 1, (21,)): 0.024726035532888567
(24, 8, 150, 1, (22,)): 0.022757102009298653
(24, 8, 150, 1, (23,)): 0.024480631434684312
(24, 8, 150, 1, (24,)): 0.022537720676782242
(24, 8, 150, 1, (26,)): 0.022263506086838244
(24, 8, 150, 2, (21, 23)): 0.028169608196534118
(24, 8, 150, 2, (21, 22)): 0.02569953470899412
(24, 8, 150, 2, (22, 24)): 0.023592755565800726
(24, 8, 200, 1, (21,)): 0.023203444858885335
(24, 8, 200, 1, (22,)): 0.023957512456104526
(24, 8, 200, 1, (23,)): 0.021426019724963562
(24, 8, 200, 1, (24,)): 0.023610878766221994
(24, 8, 200, 1, (26,)): 0.02227144889994448
(24, 8, 200, 2, (21, 23)): 0.022067384545742398
(24, 8, 200, 2, (21, 22)): 0.021903269872018
(24, 8, 200, 2, (22, 24)): 0.022131915714746264
(24, 8, 250, 1, (21,)): 0.022794339818141995
(24, 8, 250, 1, (22,)): 0.021696811839272724
(24, 8, 250, 1, (23,)): 0.02305535491552112
(24, 8, 250, 1, (24,)): 0.023776395081152472
(24, 8, 250, 1, (26,)): 0.021274526146892625
(24, 8, 250, 2, (21, 23)): 0.021771885998748627
(24, 8, 250, 2, (21, 22)): 0.02291790767466782
(24, 8, 250, 2, (22, 24)): 0.021921351955031802
(24, 8, 300, 1, (21,)): 0.022928359236048045
(24, 8, 300, 1, (22,)): 0.023001855818554538
(24, 8, 300, 1, (23,)): 0.021036187250266368
(24, 8, 300, 1, (24,)): 0.021868866139857605
(24, 8, 300, 1, (26,)): 0.024240310373191673
(24, 8, 300, 2, (21, 23)): 0.021739442912356858
(24, 8, 300, 2, (21, 22)): 0.021728055817663287
(24, 8, 300, 2, (22, 24)): 0.02177241363729556
(24, 16, 50, 1, (21,)): 0.03616582442785767
(24, 16, 50, 1, (22,)): 0.03285307975596439
(24, 16, 50, 1, (23,)): 0.041640156167208724
(24, 16, 50, 1, (24,)): 0.03992963894897096
(24, 16, 50, 1, (26,)): 0.039367317571013485
(24, 16, 50, 2, (21, 23)): 0.062331635061968815
(24, 16, 50, 2, (21, 22)): 0.06477058200166283
(24, 16, 50, 2, (22, 24)): 0.06479423203756636
(24, 16, 100, 1, (21,)): 0.027270351157118428
(24, 16, 100, 1, (22,)): 0.04327332056278914
(24, 16, 100, 1, (23,)): 0.03293883349599259
(24, 16, 100, 1, (24,)): 0.0424390589418861
(24, 16, 100, 1, (26,)): 0.03707448865050434
(24, 16, 100, 2, (21, 23)): 0.06428947355038458
(24, 16, 100, 2, (21, 22)): 0.059366470153795314
(24, 16, 100, 2, (22, 24)): 0.05472201845967191
(24, 16, 150, 1, (21,)): 0.031433216118528805
(24, 16, 150, 1, (22,)): 0.030118680712628704
(24, 16, 150, 1, (23,)): 0.020654897600629656
(24, 16, 150, 1, (24,)): 0.022508724850957684
(24, 16, 150, 1, (26,)): 0.023276664238844176
(24, 16, 150, 2, (21, 23)): 0.047049289068129836
(24, 16, 150, 2, (21, 22)): 0.05384969712139963
(24, 16, 150, 2, (22, 24)): 0.04137523426667325
(24, 16, 200, 1, (21,)): 0.022122777854412867
(24, 16, 200, 1, (22,)): 0.022664532286778515
(24, 16, 200, 1, (23,)): 0.023385126005691752
(24, 16, 200, 1, (24,)): 0.022431021679437373
(24, 16, 200, 1, (26,)): 0.022904403900238617
(24, 16, 200, 2, (21, 23)): 0.028835078923101647
(24, 16, 200, 2, (21, 22)): 0.05064421958541807
(24, 16, 200, 2, (22, 24)): 0.04728326103660287
(24, 16, 250, 1, (21,)): 0.022618593811344255
(24, 16, 250, 1, (22,)): 0.02372842707949544
(24, 16, 250, 1, (23,)): 0.021442717908233114
(24, 16, 250, 1, (24,)): 0.02162677284397372
(24, 16, 250, 1, (26,)): 0.021651106274284633
(24, 16, 250, 2, (21, 23)): 0.023459611585465667
(24, 16, 250, 2, (21, 22)): 0.032223090857089826
(24, 16, 250, 2, (22, 24)): 0.023924225643565146
(24, 16, 300, 1, (21,)): 0.021546930048988087
(24, 16, 300, 1, (22,)): 0.030461075070756023
(24, 16, 300, 1, (23,)): 0.02098488454158581
(24, 16, 300, 1, (24,)): 0.025243633227260493
(24, 16, 300, 1, (26,)): 0.022865914164587157
(24, 16, 300, 2, (21, 23)): 0.022958730647606628
(24, 16, 300, 2, (21, 22)): 0.03349793037102515
(24, 16, 300, 2, (22, 24)): 0.02839009715954318
(24, 32, 50, 1, (21,)): 0.06987653900945968
(24, 32, 50, 1, (22,)): 0.06266011568695451
(24, 32, 50, 1, (23,)): 0.04272200985713035
(24, 32, 50, 1, (24,)): 0.06784835711529273
(24, 32, 50, 1, (26,)): 0.0596641794614141
(24, 32, 50, 2, (21, 23)): 0.06789504850930697
(24, 32, 50, 2, (21, 22)): 0.0729359023408809
(24, 32, 50, 2, (22, 24)): 0.06511887744291471
(24, 32, 100, 1, (21,)): 0.04970620045943101
(24, 32, 100, 1, (22,)): 0.04260766762493797
(24, 32, 100, 1, (23,)): 0.062008679222796334
(24, 32, 100, 1, (24,)): 0.02845903665288737
(24, 32, 100, 1, (26,)): 0.05731619840863924
(24, 32, 100, 2, (21, 23)): 0.06349380547680189
(24, 32, 100, 2, (21, 22)): 0.06204151145935766
(24, 32, 100, 2, (22, 24)): 0.06467523568991713
(24, 32, 150, 1, (21,)): 0.0284783247819698
(24, 32, 150, 1, (22,)): 0.029885906671002736
(24, 32, 150, 1, (23,)): 0.03325702732838183
(24, 32, 150, 1, (24,)): 0.045222000707066966
(24, 32, 150, 1, (26,)): 0.03117731384421507
(24, 32, 150, 2, (21, 23)): 0.06031598400408218
(24, 32, 150, 2, (21, 22)): 0.06061401684029877
(24, 32, 150, 2, (22, 24)): 0.057297948343302575
(24, 32, 200, 1, (21,)): 0.025575289023476354
(24, 32, 200, 1, (22,)): 0.06108938156401335
(24, 32, 200, 1, (23,)): 0.029663412365649948
(24, 32, 200, 1, (24,)): 0.032311608273652016
(24, 32, 200, 1, (26,)): 0.03191925693596457
(24, 32, 200, 2, (21, 23)): 0.06107929306520245
(24, 32, 200, 2, (21, 22)): 0.049459094928994765
(24, 32, 200, 2, (22, 24)): 0.05333448447595775
(24, 32, 250, 1, (21,)): 0.026462102109708858
(24, 32, 250, 1, (22,)): 0.021588527701361583
(24, 32, 250, 1, (23,)): 0.02256534823856321
(24, 32, 250, 1, (24,)): 0.03131192605934978
(24, 32, 250, 1, (26,)): 0.024294448015585585
(24, 32, 250, 2, (21, 23)): 0.04803447447872777
(24, 32, 250, 2, (21, 22)): 0.03959176363045576
(24, 32, 250, 2, (22, 24)): 0.054628307934950326
(24, 32, 300, 1, (21,)): 0.02348704406965407
(24, 32, 300, 1, (22,)): 0.02893544789789353
(24, 32, 300, 1, (23,)): 0.024195047367108785
(24, 32, 300, 1, (24,)): 0.024356303841236666
(24, 32, 300, 1, (26,)): 0.02358570311516529
(24, 32, 300, 2, (21, 23)): 0.035334534852618206
(24, 32, 300, 2, (21, 22)): 0.04414833833416004
(24, 32, 300, 2, (22, 24)): 0.04771199636658818
(26, 3, 50, 1, (21,)): 0.02268531564085206
(26, 3, 50, 1, (22,)): 0.024183510385962587
(26, 3, 50, 1, (23,)): 0.02106189600141357
(26, 3, 50, 1, (24,)): 0.02202653919384586
(26, 3, 50, 1, (26,)): 0.02312820808580925
(26, 3, 50, 2, (21, 23)): 0.026877495099436672
(26, 3, 50, 2, (21, 22)): 0.030834687943850227
(26, 3, 50, 2, (22, 24)): 0.03783982070418048
(26, 3, 100, 1, (21,)): 0.02391530871412933
(26, 3, 100, 1, (22,)): 0.02301295915969802
(26, 3, 100, 1, (23,)): 0.022377126210435652
(26, 3, 100, 1, (24,)): 0.022254810699504086
(26, 3, 100, 1, (26,)): 0.021662581499598432
(26, 3, 100, 2, (21, 23)): 0.02221386255145187
(26, 3, 100, 2, (21, 22)): 0.021769235191460977
(26, 3, 100, 2, (22, 24)): 0.022023758102615126
(26, 3, 150, 1, (21,)): 0.022520813530497043
(26, 3, 150, 1, (22,)): 0.0224674415908205
(26, 3, 150, 1, (23,)): 0.0223850205494533
(26, 3, 150, 1, (24,)): 0.022194888512934646
(26, 3, 150, 1, (26,)): 0.022160108403042812
(26, 3, 150, 2, (21, 23)): 0.021484503374383908
(26, 3, 150, 2, (21, 22)): 0.02225709591471181
(26, 3, 150, 2, (22, 24)): 0.022007824374949574
(26, 3, 200, 1, (21,)): 0.02157737508614345
(26, 3, 200, 1, (22,)): 0.02204732991567581
(26, 3, 200, 1, (23,)): 0.022539334111297608
(26, 3, 200, 1, (24,)): 0.02257180326233015
(26, 3, 200, 1, (26,)): 0.02235999568533281
(26, 3, 200, 2, (21, 23)): 0.022164746411137894
(26, 3, 200, 2, (21, 22)): 0.022291832192613263
(26, 3, 200, 2, (22, 24)): 0.02205261194667363
(26, 3, 250, 1, (21,)): 0.021815463890109927
(26, 3, 250, 1, (22,)): 0.023138663788719246
(26, 3, 250, 1, (23,)): 0.02155281584157346
(26, 3, 250, 1, (24,)): 0.022623386421268484
(26, 3, 250, 1, (26,)): 0.0226273879580902
(26, 3, 250, 2, (21, 23)): 0.022009074591577422
(26, 3, 250, 2, (21, 22)): 0.022247217878626754
(26, 3, 250, 2, (22, 24)): 0.022081272559845547
(26, 3, 300, 1, (21,)): 0.02179971440280405
(26, 3, 300, 1, (22,)): 0.022833171213885634
(26, 3, 300, 1, (23,)): 0.023349598136506798
(26, 3, 300, 1, (24,)): 0.022974834460126277
(26, 3, 300, 1, (26,)): 0.02283006926053594
(26, 3, 300, 2, (21, 23)): 0.022263818366279164
(26, 3, 300, 2, (21, 22)): 0.022092678543832917
(26, 3, 300, 2, (22, 24)): 0.02187181884497581
(26, 5, 50, 1, (21,)): 0.028198447351189915
(26, 5, 50, 1, (22,)): 0.02987622642249188
(26, 5, 50, 1, (23,)): 0.02887328128098394
(26, 5, 50, 1, (24,)): 0.028757950170905704
(26, 5, 50, 1, (26,)): 0.03011646773983555
(26, 5, 50, 2, (21, 23)): 0.05737356967710132
(26, 5, 50, 2, (21, 22)): 0.050902682589856904
(26, 5, 50, 2, (22, 24)): 0.048225220317650794
(26, 5, 100, 1, (21,)): 0.022173925803905762
(26, 5, 100, 1, (22,)): 0.02300914211532687
(26, 5, 100, 1, (23,)): 0.0212999649763012
(26, 5, 100, 1, (24,)): 0.025337494578325875
(26, 5, 100, 1, (26,)): 0.02192215491090494
(26, 5, 100, 2, (21, 23)): 0.023294833978886206
(26, 5, 100, 2, (21, 22)): 0.02873304918869125
(26, 5, 100, 2, (22, 24)): 0.030751022082656933
(26, 5, 150, 1, (21,)): 0.0223652120141645
(26, 5, 150, 1, (22,)): 0.022405253971616346
(26, 5, 150, 1, (23,)): 0.021890714315685227
(26, 5, 150, 1, (24,)): 0.02237146837917877
(26, 5, 150, 1, (26,)): 0.021708232329492236
(26, 5, 150, 2, (21, 23)): 0.021877023188802597
(26, 5, 150, 2, (21, 22)): 0.0221129378956547
(26, 5, 150, 2, (22, 24)): 0.021885125870945273
(26, 5, 200, 1, (21,)): 0.0230784682063859
(26, 5, 200, 1, (22,)): 0.022689531033075673
(26, 5, 200, 1, (23,)): 0.022764531824752847
(26, 5, 200, 1, (24,)): 0.021993267316811727
(26, 5, 200, 1, (26,)): 0.023658466645767366
(26, 5, 200, 2, (21, 23)): 0.021406398680613392
(26, 5, 200, 2, (21, 22)): 0.021624680936510682
(26, 5, 200, 2, (22, 24)): 0.02176057794455239
(26, 5, 250, 1, (21,)): 0.023270786000539712
(26, 5, 250, 1, (22,)): 0.02439876459089405
(26, 5, 250, 1, (23,)): 0.023013218561688746
(26, 5, 250, 1, (24,)): 0.022545118907579452
(26, 5, 250, 1, (26,)): 0.023170706220388353
(26, 5, 250, 2, (21, 23)): 0.02156089339861065
(26, 5, 250, 2, (21, 22)): 0.021552648645770472
(26, 5, 250, 2, (22, 24)): 0.02188074015367438
(26, 5, 300, 1, (21,)): 0.023809958946634617
(26, 5, 300, 1, (22,)): 0.022498518056384188
(26, 5, 300, 1, (23,)): 0.022680534294014624
(26, 5, 300, 1, (24,)): 0.02231179636023748
(26, 5, 300, 1, (26,)): 0.02293360280268048
(26, 5, 300, 2, (21, 23)): 0.022039723936453686
(26, 5, 300, 2, (21, 22)): 0.022085427030658765
(26, 5, 300, 2, (22, 24)): 0.022012932353907583
(26, 8, 50, 1, (21,)): 0.04228791005850392
(26, 8, 50, 1, (22,)): 0.03939636847367219
(26, 8, 50, 1, (23,)): 0.03373444109299535
(26, 8, 50, 1, (24,)): 0.03202126846019931
(26, 8, 50, 1, (26,)): 0.04451593308645353
(26, 8, 50, 2, (21, 23)): 0.06380378828494464
(26, 8, 50, 2, (21, 22)): 0.05968333212615329
(26, 8, 50, 2, (22, 24)): 0.06345607975852122
(26, 8, 100, 1, (21,)): 0.029950885038389406
(26, 8, 100, 1, (22,)): 0.02789615204718236
(26, 8, 100, 1, (23,)): 0.024554565902830387
(26, 8, 100, 1, (24,)): 0.025478032266231652
(26, 8, 100, 1, (26,)): 0.02441056943620005
(26, 8, 100, 2, (21, 23)): 0.03417436795683128
(26, 8, 100, 2, (21, 22)): 0.047640851636091545
(26, 8, 100, 2, (22, 24)): 0.042031620071275214
(26, 8, 150, 1, (21,)): 0.021108006076866866
(26, 8, 150, 1, (22,)): 0.02225373546863061
(26, 8, 150, 1, (23,)): 0.02272647989953678
(26, 8, 150, 1, (24,)): 0.022501040427993863
(26, 8, 150, 1, (26,)): 0.021877179243302684
(26, 8, 150, 2, (21, 23)): 0.03125418234432119
(26, 8, 150, 2, (21, 22)): 0.040176778778289
(26, 8, 150, 2, (22, 24)): 0.027947287900762768
(26, 8, 200, 1, (21,)): 0.022460676432907018
(26, 8, 200, 1, (22,)): 0.022323656691776425
(26, 8, 200, 1, (23,)): 0.02244026036246053
(26, 8, 200, 1, (24,)): 0.021695664566138313
(26, 8, 200, 1, (26,)): 0.02214110419705571
(26, 8, 200, 2, (21, 23)): 0.021447831511442576
(26, 8, 200, 2, (21, 22)): 0.026153064737317832
(26, 8, 200, 2, (22, 24)): 0.023793887707730655
(26, 8, 250, 1, (21,)): 0.02086015346069544
(26, 8, 250, 1, (22,)): 0.021963662966559404
(26, 8, 250, 1, (23,)): 0.022649642111777567
(26, 8, 250, 1, (24,)): 0.022203955590065196
(26, 8, 250, 1, (26,)): 0.022388162576205885
(26, 8, 250, 2, (21, 23)): 0.030970766965170666
(26, 8, 250, 2, (21, 22)): 0.021753692855980594
(26, 8, 250, 2, (22, 24)): 0.02182923165870639
(26, 8, 300, 1, (21,)): 0.022141267455810278
(26, 8, 300, 1, (22,)): 0.02270620714186227
(26, 8, 300, 1, (23,)): 0.022401907434502953
(26, 8, 300, 1, (24,)): 0.02183459040642413
(26, 8, 300, 1, (26,)): 0.021110414321471246
(26, 8, 300, 2, (21, 23)): 0.022031487354078373
(26, 8, 300, 2, (21, 22)): 0.0218128047150107
(26, 8, 300, 2, (22, 24)): 0.021767107073283824
(26, 16, 50, 1, (21,)): 0.040157972543526585
(26, 16, 50, 1, (22,)): 0.057924684563736215
(26, 16, 50, 1, (23,)): 0.04704844013000162
(26, 16, 50, 1, (24,)): 0.028697582163555148
(26, 16, 50, 1, (26,)): 0.03852902137919123
(26, 16, 50, 2, (21, 23)): 0.06890418428687281
(26, 16, 50, 2, (21, 22)): 0.06465282263750664
(26, 16, 50, 2, (22, 24)): 0.06600029328488108
(26, 16, 100, 1, (21,)): 0.03569366038404039
(26, 16, 100, 1, (22,)): 0.030998744502626095
(26, 16, 100, 1, (23,)): 0.029020481197719654
(26, 16, 100, 1, (24,)): 0.03254872070009658
(26, 16, 100, 1, (26,)): 0.028901840947118024
(26, 16, 100, 2, (21, 23)): 0.061685822473257934
(26, 16, 100, 2, (21, 22)): 0.06446045589426361
(26, 16, 100, 2, (22, 24)): 0.05877447203842403
(26, 16, 150, 1, (21,)): 0.027822957245945662
(26, 16, 150, 1, (22,)): 0.028964602372672878
(26, 16, 150, 1, (23,)): 0.022698829513636786
(26, 16, 150, 1, (24,)): 0.023782718703339274
(26, 16, 150, 1, (26,)): 0.022791899573721564
(26, 16, 150, 2, (21, 23)): 0.0513131914132986
(26, 16, 150, 2, (21, 22)): 0.047923307122565185
(26, 16, 150, 2, (22, 24)): 0.03987024164761696
(26, 16, 200, 1, (21,)): 0.021787624723317103
(26, 16, 200, 1, (22,)): 0.02267732556546846
(26, 16, 200, 1, (23,)): 0.022271710808965617
(26, 16, 200, 1, (24,)): 0.0210113779773324
(26, 16, 200, 1, (26,)): 0.022011783245927237
(26, 16, 200, 2, (21, 23)): 0.035341562530388865
(26, 16, 200, 2, (21, 22)): 0.04663116974188214
(26, 16, 200, 2, (22, 24)): 0.051180543357968525
(26, 16, 250, 1, (21,)): 0.0228764008614675
(26, 16, 250, 1, (22,)): 0.022927477157431493
(26, 16, 250, 1, (23,)): 0.02338024270679076
(26, 16, 250, 1, (24,)): 0.021740453102493413
(26, 16, 250, 1, (26,)): 0.02315962655429313
(26, 16, 250, 2, (21, 23)): 0.040425638771361315
(26, 16, 250, 2, (21, 22)): 0.023605906414315064
(26, 16, 250, 2, (22, 24)): 0.029458504811419622
(26, 16, 300, 1, (21,)): 0.021296712151115598
(26, 16, 300, 1, (22,)): 0.023145871159680195
(26, 16, 300, 1, (23,)): 0.02214207876739817
(26, 16, 300, 1, (24,)): 0.02378231919738468
(26, 16, 300, 1, (26,)): 0.023588074510100858
(26, 16, 300, 2, (21, 23)): 0.02921620302513304
(26, 16, 300, 2, (21, 22)): 0.024382035578545076
(26, 16, 300, 2, (22, 24)): 0.02435400944955323
(26, 32, 50, 1, (21,)): 0.07620039425218791
(26, 32, 50, 1, (22,)): 0.08981339863514123
(26, 32, 50, 1, (23,)): 0.09367894580727357
(26, 32, 50, 1, (24,)): 0.050956641942432004
(26, 32, 50, 1, (26,)): 0.07392247313977565
(26, 32, 50, 2, (21, 23)): 0.07061802760912571
(26, 32, 50, 2, (21, 22)): 0.07351984114671058
(26, 32, 50, 2, (22, 24)): 0.06714567462611949
(26, 32, 100, 1, (21,)): 0.03164969893350118
(26, 32, 100, 1, (22,)): 0.04445250833333404
(26, 32, 100, 1, (23,)): 0.052291770166256565
(26, 32, 100, 1, (24,)): 0.07633246959138648
(26, 32, 100, 1, (26,)): 0.024458099820157217
(26, 32, 100, 2, (21, 23)): 0.06536457394039533
(26, 32, 100, 2, (21, 22)): 0.06296314361115632
(26, 32, 100, 2, (22, 24)): 0.0684345303021932
(26, 32, 150, 1, (21,)): 0.03962955969161212
(26, 32, 150, 1, (22,)): 0.029114431075848907
(26, 32, 150, 1, (23,)): 0.032176973696925
(26, 32, 150, 1, (24,)): 0.02319518245854411
(26, 32, 150, 1, (26,)): 0.02942857284311634
(26, 32, 150, 2, (21, 23)): 0.05838145740415089
(26, 32, 150, 2, (21, 22)): 0.049940992834613326
(26, 32, 150, 2, (22, 24)): 0.05806389328207114
(26, 32, 200, 1, (21,)): 0.032909656027120864
(26, 32, 200, 1, (22,)): 0.03193567151005774
(26, 32, 200, 1, (23,)): 0.02580543143549672
(26, 32, 200, 1, (24,)): 0.02315030192059464
(26, 32, 200, 1, (26,)): 0.022102809186531375
(26, 32, 200, 2, (21, 23)): 0.05357980930763294
(26, 32, 200, 2, (21, 22)): 0.05364402781226975
(26, 32, 200, 2, (22, 24)): 0.06464326717394994
(26, 32, 250, 1, (21,)): 0.023723984997138466
(26, 32, 250, 1, (22,)): 0.02370414368843394
(26, 32, 250, 1, (23,)): 0.024162683959725408
(26, 32, 250, 1, (24,)): 0.023645924650281012
(26, 32, 250, 1, (26,)): 0.03142236834513305
(26, 32, 250, 2, (21, 23)): 0.046906665226844814
(26, 32, 250, 2, (21, 22)): 0.05233838449228963
(26, 32, 250, 2, (22, 24)): 0.05307001513009082
(26, 32, 300, 1, (21,)): 0.024315412213287833
(26, 32, 300, 1, (22,)): 0.022834554548353887
(26, 32, 300, 1, (23,)): 0.029794672000669948
(26, 32, 300, 1, (24,)): 0.024990541809283357
(26, 32, 300, 1, (26,)): 0.029899274346943235
(26, 32, 300, 2, (21, 23)): 0.04415324968122549
(26, 32, 300, 2, (21, 22)): 0.03978684282903739
(26, 32, 300, 2, (22, 24)): 0.04040587369410671
